lookup_id,treatment_assigned,treatment_received,open,open_time,open_count,click,click_time,click_count,bounce,bounce_time,bounce_count
8-10026640,4,4,0,,0,0,,0,0,,0
8-10042057,2,2,0,,0,0,,0,1,2020-10-20T00:00:00Z,1
8-10031487,1,1,0,,0,0,,0,0,,0
8-10031709,2,2,0,,0,0,,0,0,,0
8-10032213,2,2,0,,0,0,,0,0,,0
8-10052426,4,4,0,,0,0,,0,0,,0
8-10022856,1,1,1,2020-10-20T20:05:35Z,1,0,,0,0,,0
8-10043006,4,4,0,,0,0,,0,0,,0
8-10025416,2,2,0,,0,0,,0,0,,0
8-10053709,1,1,0,,0,0,,0,0,,0
8-10047449,3,3,0,,0,0,,0,0,,0
8-10032313,4,4,0,,0,0,,0,0,,0
8-10005403,4,4,0,,0,0,,0,0,,0
8-10028558,3,3,0,,0,0,,0,0,,0
8-10045596,3,3,1,2020-10-21T01:25:44Z,2,0,,0,0,,0
8-10027946,4,4,0,,0,0,,0,0,,0
8-10046003,4,4,0,,0,0,,0,0,,0
8-10035217,4,4,0,,0,0,,0,0,,0
8-10024664,4,4,0,,0,0,,0,0,,0
8-10012412,1,1,0,,0,0,,0,0,,0
8-10029050,4,4,1,2020-10-20T22:06:11Z,1,0,,0,0,,0
8-10038800,2,2,0,,0,0,,0,1,2020-10-20T00:00:00Z,1
8-10046497,3,3,0,,0,0,,0,0,,0
8-10053177,3,3,1,2020-10-21T03:48:22Z,1,0,,0,0,,0
8-10031637,4,4,0,,0,0,,0,0,,0
8-10052329,1,1,0,,0,0,,0,0,,0
8-10017535,3,3,1,2020-10-20T21:38:35Z,1,0,,0,0,,0
8-10005335,3,3,0,,0,0,,0,0,,0
8-10032501,3,3,0,,0,0,,0,0,,0
8-10044281,4,4,0,,0,0,,0,0,,0
8-10005007,3,3,0,,0,0,,0,1,2020-10-20T00:00:00Z,1
8-10043697,1,1,0,,0,0,,0,0,,0
8-10053721,2,2,0,,0,0,,0,0,,0
8-10003934,1,1,0,,0,0,,0,0,,0
8-10018789,4,4,1,2020-10-20T21:00:11Z,1,0,,0,0,,0
8-10038682,3,3,0,,0,0,,0,0,,0
8-10042002,4,4,0,,0,0,,0,0,,0
8-10030367,3,3,0,,0,0,,0,0,,0
834,4,4,0,,0,0,,0,0,,0
8-10016082,3,3,0,,0,0,,0,0,,0
8-10004616,1,,,,,,,,,,
8-10032679,3,3,0,,0,0,,0,0,,0
1819,4,4,0,,0,0,,0,0,,0
8-10038728,1,1,0,,0,0,,0,0,,0
8-10050677,1,1,0,,0,0,,0,0,,0
8-10021069,3,3,0,,0,0,,0,0,,0
8-10027443,1,1,0,,0,0,,0,0,,0
8-10043290,2,2,0,,0,0,,0,0,,0
8-10030140,3,3,0,,0,0,,0,0,,0
8-10024101,4,4,1,2020-10-21T01:38:21Z,1,0,,0,0,,0
8-10050299,4,4,1,2020-10-20T21:04:48Z,1,0,,0,0,,0
8-10004884,4,4,0,,0,0,,0,0,,0
8-10030849,2,2,1,2020-10-21T01:41:26Z,1,0,,0,0,,0
8-10053822,1,1,0,,0,0,,0,0,,0
8-10051639,2,2,0,,0,0,,0,0,,0
8-10042789,2,2,0,,0,0,,0,0,,0
8-10047365,3,3,0,,0,0,,0,0,,0
8-10053100,3,3,0,,0,0,,0,0,,0
8-10021825,3,3,0,,0,0,,0,0,,0
8-10042849,3,3,0,,0,0,,0,0,,0
8-10038639,4,4,0,,0,0,,0,0,,0
8-10036029,3,3,0,,0,0,,0,0,,0
8-10038686,1,1,0,,0,0,,0,0,,0
8-10051874,2,2,1,2020-10-20T20:43:52Z,2,0,,0,0,,0
8-10046747,1,1,0,,0,0,,0,0,,0
8-10020559,4,4,1,2020-10-20T23:04:53Z,1,0,,0,0,,0
8-10034359,3,3,0,,0,0,,0,0,,0
8-10047903,1,1,0,,0,0,,0,0,,0
8-10049263,3,3,0,,0,0,,0,0,,0
8-10042932,1,1,0,,0,0,,0,0,,0
8-10048804,2,2,1,2020-10-20T23:56:56Z,1,0,,0,0,,0
8-10033590,1,1,0,,0,0,,0,0,,0
8-10023200,3,3,0,,0,0,,0,0,,0
8-10006460,3,3,0,,0,0,,0,0,,0
8-10025921,4,4,0,,0,0,,0,0,,0
8-10048643,3,3,1,2020-10-20T20:49:30Z,1,0,,0,0,,0
8-10052568,1,1,0,,0,0,,0,0,,0
8-10030336,2,2,0,,0,0,,0,0,,0
8-10020372,4,4,1,2020-10-20T21:16:04Z,1,0,,0,0,,0
8-10019880,3,3,0,,0,0,,0,0,,0
8-10028216,2,2,0,,0,0,,0,1,2020-10-20T00:00:00Z,1
8-10021206,3,3,1,2020-10-20T20:47:23Z,1,0,,0,0,,0
8-10032233,2,2,0,,0,0,,0,0,,0
8-10053622,2,2,0,,0,0,,0,0,,0
8-10016545,4,4,0,,0,0,,0,0,,0
8-10031932,1,1,0,,0,0,,0,1,2020-10-20T00:00:00Z,1
8-10038642,2,2,0,,0,0,,0,0,,0
8-10052608,3,3,0,,0,0,,0,0,,0
8-10031935,4,4,0,,0,0,,0,0,,0
8-10052628,1,1,0,,0,0,,0,0,,0
8-10013361,1,1,0,,0,0,,0,0,,0
8-10019693,3,3,0,,0,0,,0,0,,0
8-10043004,4,4,0,,0,0,,0,0,,0
8-10038390,3,3,0,,0,0,,0,0,,0
8-10050646,2,2,0,,0,0,,0,0,,0
8-10018289,4,4,1,2020-10-20T21:13:05Z,1,0,,0,0,,0
8-10012586,3,3,1,2020-10-20T22:39:51Z,1,0,,0,0,,0
8-10052677,4,4,0,,0,0,,0,0,,0
8-10006572,4,4,1,2020-10-29T04:27:49Z,1,0,,0,0,,0
8-10026993,3,3,0,,0,0,,0,0,,0
8-10045702,1,1,1,2020-10-20T21:13:05Z,1,0,,0,0,,0
8-10029829,1,1,0,,0,0,,0,0,,0
8-10025031,2,2,1,2020-10-20T20:36:39Z,1,0,,0,0,,0
8-10034062,3,3,0,,0,0,,0,0,,0
8-10017012,1,1,0,,0,0,,0,0,,0
8-10041394,4,4,0,,0,0,,0,0,,0
1034,4,4,1,2020-10-20T21:15:15Z,1,0,,0,0,,0
8-10050936,1,1,0,,0,0,,0,0,,0
8-10042905,1,1,0,,0,0,,0,0,,0
8-10047750,3,3,1,2020-10-21T01:30:51Z,2,0,,0,0,,0
8-10027147,1,1,0,,0,0,,0,0,,0
8-10011708,4,4,1,2020-10-20T20:53:23Z,2,0,,0,0,,0
8-10031485,2,2,0,,0,0,,0,1,2020-10-20T00:00:00Z,1
8-10019561,1,1,0,,0,0,,0,0,,0
8-10052695,2,2,0,,0,0,,0,0,,0
8-10049993,4,4,0,,0,0,,0,0,,0
8-10035502,2,2,0,,0,0,,0,0,,0
8-10012784,1,1,0,,0,0,,0,0,,0
8-10038608,1,1,1,2020-10-20T21:07:17Z,1,0,,0,0,,0
8-10034614,2,2,0,,0,0,,0,0,,0
8-10046332,1,1,0,,0,0,,0,0,,0
8-10005187,1,1,0,,0,0,,0,0,,0
1923,1,1,1,2020-10-20T20:30:39Z,2,0,,0,0,,0
8-10032001,4,4,0,,0,0,,0,0,,0
8-10040007,3,3,0,,0,0,,0,0,,0
8-10032004,4,4,1,2020-10-20T22:54:37Z,1,0,,0,0,,0
8-10049934,2,2,1,2020-10-20T21:52:06Z,1,0,,0,0,,0
8-10028940,4,4,0,,0,0,,0,0,,0
8-10034549,1,1,1,2020-10-24T02:33:33Z,1,0,,0,0,,0
8-10052757,3,3,0,,0,0,,0,0,,0
8-10038613,4,4,0,,0,0,,0,0,,0
8-10053677,3,3,0,,0,0,,0,0,,0
8-10018486,3,3,0,,0,0,,0,0,,0
8-10011883,4,4,1,2020-10-20T21:34:00Z,1,0,,0,0,,0
8-10039877,2,2,0,,0,0,,0,0,,0
8-10032026,4,4,0,,0,0,,0,0,,0
8-10036867,4,4,0,,0,0,,0,0,,0
8-10039380,4,4,0,,0,0,,0,0,,0
8-10038586,3,3,0,,0,0,,0,0,,0
8-10028055,3,3,0,,0,0,,0,0,,0
8-10038705,3,,,,,,,,,,
8-10049900,1,1,0,,0,0,,0,0,,0
8-10017647,3,3,0,,0,0,,0,0,,0
8-10048356,1,1,0,,0,0,,0,0,,0
8-10006409,1,1,0,,0,0,,0,0,,0
8-10052833,3,3,0,,0,0,,0,0,,0
8-10004199,3,3,1,2020-10-20T20:43:02Z,1,0,,0,0,,0
8-10032060,2,2,0,,0,0,,0,0,,0
8-10021515,3,3,0,,0,0,,0,0,,0
8-10018682,3,3,1,2020-10-21T02:00:16Z,1,0,,0,0,,0
8-10030686,1,1,0,,0,0,,0,0,,0
8-10043536,2,2,0,,0,0,,0,0,,0
8-10047202,1,1,0,,0,0,,0,0,,0
8-10040838,2,2,0,,0,0,,0,0,,0
8-10026222,3,3,0,,0,0,,0,0,,0
8-10036547,1,1,0,,0,0,,0,0,,0
8-10046868,3,3,0,,0,0,,0,0,,0
8-10016615,3,3,0,,0,0,,0,0,,0
8-10021848,2,2,0,,0,0,,0,0,,0
8-10053883,4,4,1,2020-10-20T20:53:08Z,1,0,,0,0,,0
8-10048738,1,1,0,,0,0,,0,0,,0
8-10052157,2,2,1,2020-10-20T20:58:45Z,4,1,2020-10-20T21:00:15Z,1,0,,0
8-10035483,4,4,0,,0,0,,0,0,,0
8-10048814,1,1,0,,0,0,,0,0,,0
8-10011754,3,3,0,,0,0,,0,0,,0
8-10053921,2,2,0,,0,0,,0,0,,0
8-10002470,1,1,0,,0,0,,0,0,,0
8-10035755,4,4,0,,0,0,,0,0,,0
8-10053193,3,3,1,2020-10-20T20:29:52Z,1,0,,0,0,,0
8-10050231,3,3,0,,0,0,,0,0,,0
8-10048135,3,3,0,,0,0,,0,0,,0
8-10042235,4,4,0,,0,0,,0,0,,0
8-10048165,4,4,1,2020-10-20T23:05:06Z,1,0,,0,0,,0
8-10035525,3,3,0,,0,0,,0,0,,0
8-10052122,2,2,0,,0,0,,0,0,,0
8-10006269,2,2,0,,0,0,,0,0,,0
1392,3,3,0,,0,0,,0,0,,0
8-10018187,3,3,0,,0,0,,0,0,,0
8-10050656,2,2,0,,0,0,,0,0,,0
8-10038553,3,3,0,,0,0,,0,0,,0
8-10024859,2,2,1,2020-10-20T20:22:42Z,1,0,,0,0,,0
8-10031711,3,3,1,2020-10-20T20:32:05Z,2,0,,0,0,,0
8-10003557,4,4,0,,0,0,,0,0,,0
2122,4,4,0,,0,0,,0,0,,0
8-10011567,4,4,0,,0,0,,0,0,,0
8-10052236,3,3,0,,0,0,,0,0,,0
8-10011556,2,2,0,,0,0,,0,0,,0
8-10017964,1,1,0,,0,0,,0,0,,0
1739,3,3,0,,0,0,,0,1,2020-10-20T00:00:00Z,1
8-10032374,1,1,0,,0,0,,0,0,,0
8-10020229,1,1,0,,0,0,,0,0,,0
1547,2,2,0,,0,0,,0,1,2020-10-20T00:00:00Z,1
8-10021617,1,1,0,,0,0,,0,0,,0
8-10006509,4,4,1,2020-10-20T21:08:24Z,1,0,,0,0,,0
8-10053098,1,1,0,,0,0,,0,0,,0
8-10027953,2,2,1,2020-10-20T22:22:24Z,2,0,,0,0,,0
8-10031718,1,1,0,,0,0,,0,0,,0
8-10005705,1,1,0,,0,0,,0,0,,0
8-10037075,3,3,0,,0,0,,0,0,,0
8-10003926,2,2,0,,0,0,,0,0,,0
8-10031720,3,3,0,,0,0,,0,0,,0
2105,3,3,0,,0,0,,0,0,,0
8-10031721,2,2,0,,0,0,,0,0,,0
8-10052210,1,1,0,,0,0,,0,0,,0
8-10005433,4,4,1,2020-10-20T21:53:07Z,1,0,,0,0,,0
8-10024521,4,4,0,,0,0,,0,0,,0
325,1,1,0,,0,0,,0,0,,0
8-10028781,1,1,0,,0,0,,0,0,,0
8-10021406,2,2,0,,0,0,,0,0,,0
8-10006523,2,2,0,,0,0,,0,0,,0
8-10005159,4,4,0,,0,0,,0,0,,0
2333,3,3,0,,0,0,,0,0,,0
8-10052212,1,1,0,,0,0,,0,0,,0
8-10004152,4,4,0,,0,0,,0,0,,0
8-10053319,1,1,0,,0,0,,0,0,,0
1694,2,2,0,,0,0,,0,0,,0
8-10006275,3,3,1,2020-10-20T20:38:39Z,1,0,,0,0,,0
8-10005580,4,4,0,,0,0,,0,0,,0
8-10051696,1,1,1,2020-10-20T19:53:59Z,3,0,,0,0,,0
8-10031737,4,4,0,,0,0,,0,0,,0
8-10020463,3,3,0,,0,0,,0,0,,0
8-10023097,3,3,0,,0,0,,0,0,,0
8-10019564,4,4,0,,0,0,,0,0,,0
8-10052218,1,1,1,2020-10-20T20:33:28Z,5,0,,0,0,,0
8-10019855,2,2,0,,0,0,,0,0,,0
8-10013170,1,1,0,,0,0,,0,0,,0
368,4,4,0,,0,0,,0,1,2020-10-20T00:00:00Z,1
8-10004982,4,4,0,,0,0,,0,0,,0
8-10052224,4,4,0,,0,0,,0,0,,0
8-10030469,3,3,0,,0,0,,0,0,,0
8-10019240,3,3,0,,0,0,,0,0,,0
1649,2,2,1,2020-10-20T21:36:10Z,1,0,,0,0,,0
8-10002398,3,3,1,2020-10-20T20:29:57Z,2,0,,0,0,,0
957,4,4,0,,0,0,,0,1,2020-10-20T00:00:00Z,1
8-10052230,3,3,0,,0,0,,0,1,2020-10-20T00:00:00Z,1
8-10021653,4,4,0,,0,0,,0,0,,0
8-10032657,1,1,0,,0,0,,0,0,,0
8-10052231,2,2,0,,0,0,,0,0,,0
8-10003880,4,4,1,2020-10-20T20:49:58Z,2,0,,0,0,,0
8-10017522,2,2,1,2020-10-20T20:32:31Z,1,0,,0,0,,0
8-10052885,4,4,0,,0,0,,0,0,,0
8-10026491,3,3,0,,0,0,,0,0,,0
8-10020960,1,1,0,,0,0,,0,0,,0
8-10045796,1,1,0,,0,0,,0,0,,0
8-10019357,3,3,0,,0,0,,0,0,,0
8-10032568,2,2,0,,0,0,,0,0,,0
8-10011311,1,1,1,2020-10-20T19:53:56Z,2,0,,0,0,,0
8-10029659,1,1,1,2020-10-20T23:35:21Z,3,0,,0,0,,0
8-10024743,3,3,1,2020-10-21T08:54:13Z,1,0,,0,0,,0
8-10024552,3,3,1,2020-10-20T22:09:43Z,2,0,,0,0,,0
8-10035607,2,2,1,2020-10-20T21:19:13Z,1,0,,0,0,,0
8-10014521,1,1,0,,0,0,,0,0,,0
8-10022211,2,2,0,,0,0,,0,0,,0
8-10036583,2,2,1,2020-10-20T21:05:37Z,1,0,,0,0,,0
8-10034071,4,4,1,2020-10-20T21:18:33Z,1,0,,0,0,,0
8-10007698,4,4,0,,0,0,,0,0,,0
8-10016316,2,2,0,,0,0,,0,0,,0
8-10031746,4,4,0,,0,0,,0,0,,0
8-10014164,1,1,0,,0,0,,0,0,,0
8-10024766,3,3,0,,0,0,,0,0,,0
8-10011638,2,2,0,,0,0,,0,0,,0
8-10001162,2,2,1,2020-10-20T20:24:35Z,1,0,,0,0,,0
1530,3,3,0,,0,0,,0,0,,0
8-10051245,3,3,0,,0,0,,0,0,,0
8-10052247,4,4,0,,0,0,,0,0,,0
675,1,1,0,,0,0,,0,0,,0
8-10021348,2,2,0,,0,0,,0,0,,0
8-10023690,4,4,0,,0,0,,0,0,,0
8-10040606,2,2,1,2020-10-22T03:55:47Z,2,0,,0,0,,0
8-10033916,3,3,0,,0,0,,0,0,,0
8-10032542,2,2,0,,0,0,,0,1,2020-10-20T00:00:00Z,1
8-10018967,1,1,0,,0,0,,0,0,,0
8-10041467,4,4,0,,0,0,,0,0,,0
8-10004783,1,1,0,,0,0,,0,0,,0
8-10012054,3,3,1,2020-10-22T23:37:17Z,1,0,,0,0,,0
8-10021626,2,2,1,2020-10-20T20:36:02Z,1,0,,0,0,,0
8-10035703,4,4,0,,0,0,,0,0,,0
8-10026793,4,4,1,2020-10-20T21:52:05Z,1,0,,0,0,,0
8-10013493,3,3,0,,0,0,,0,1,2020-10-20T00:00:00Z,1
8-10004854,2,2,0,,0,0,,0,0,,0
8-10014758,4,4,0,,0,0,,0,0,,0
8-10052261,4,4,1,2020-10-20T21:44:20Z,2,0,,0,0,,0
1526,1,1,1,2020-10-22T22:30:14Z,2,0,,0,0,,0
8-10031141,1,1,0,,0,0,,0,0,,0
8-10031194,3,3,0,,0,0,,0,0,,0
1744,3,3,0,,0,0,,0,0,,0
8-10052267,1,1,0,,0,0,,0,0,,0
8-10012861,4,4,0,,0,0,,0,0,,0
1904,2,2,0,,0,0,,0,1,2020-10-20T00:00:00Z,1
8-10019049,2,2,0,,0,0,,0,0,,0
1604,2,2,0,,0,0,,0,0,,0
8-10031759,3,3,0,,0,0,,0,0,,0
8-10028197,4,4,0,,0,0,,0,0,,0
8-10022510,3,3,0,,0,0,,0,0,,0
8-10032226,3,3,1,2020-10-20T20:42:50Z,1,0,,0,0,,0
8-10052271,1,1,0,,0,0,,0,0,,0
8-10022932,1,1,1,2020-10-20T20:13:35Z,2,0,,0,0,,0
8-10031762,4,4,0,,0,0,,0,0,,0
1560,2,2,0,,0,0,,0,0,,0
8-10037078,4,4,0,,0,0,,0,0,,0
8-10043955,4,4,0,,0,0,,0,0,,0
8-10017280,1,1,0,,0,0,,0,0,,0
8-10017184,4,4,0,,0,0,,0,0,,0
8-10040674,2,2,1,2020-10-21T03:21:27Z,1,0,,0,0,,0
8-10049525,4,4,0,,0,0,,0,0,,0
1016,4,4,1,2020-10-21T00:07:21Z,2,0,,0,0,,0
8-10021309,2,2,0,,0,0,,0,0,,0
8-10017973,3,3,0,,0,0,,0,0,,0
518,2,2,1,2020-10-20T20:35:46Z,1,0,,0,0,,0
8-10006658,3,3,0,,0,0,,0,0,,0
8-10011394,3,3,0,,0,0,,0,0,,0
8-10044036,3,3,0,,0,0,,0,0,,0
8-10050604,3,3,0,,0,0,,0,0,,0
8-10015262,1,1,0,,0,0,,0,0,,0
8-10046481,2,2,0,,0,0,,0,0,,0
8-10048153,3,3,1,2020-10-20T20:42:37Z,2,0,,0,0,,0
8-10032306,4,4,0,,0,0,,0,0,,0
8-10053166,4,4,1,2020-10-20T20:52:33Z,1,1,2020-10-20T20:53:40Z,1,0,,0
8-10022614,2,2,1,2020-10-20T20:15:26Z,1,0,,0,0,,0
8-10020804,3,3,0,,0,0,,0,0,,0
8-10031769,3,3,0,,0,0,,0,0,,0
8-10039227,4,4,0,,0,0,,0,0,,0
8-10030435,4,4,1,2020-10-20T21:04:26Z,1,0,,0,0,,0
8-10021345,1,1,0,,0,0,,0,0,,0
8-10049046,3,3,0,,0,0,,0,0,,0
8-10029600,3,3,0,,0,0,,0,0,,0
8-10022769,4,4,0,,0,0,,0,0,,0
8-10052281,3,3,0,,0,0,,0,0,,0
8-10005749,1,1,0,,0,0,,0,0,,0
8-10018709,4,4,0,,0,0,,0,0,,0
8-10032249,1,1,0,,0,0,,0,0,,0
8-10052284,4,4,0,,0,0,,0,0,,0
8-10032378,4,4,0,,0,0,,0,0,,0
8-10005364,2,2,0,,0,0,,0,0,,0
8-10011839,3,3,0,,0,0,,0,0,,0
8-10052289,3,3,0,,0,0,,0,0,,0
8-10016889,4,4,0,,0,0,,0,0,,0
8-10032984,2,2,1,2020-10-21T02:24:11Z,1,0,,0,0,,0
8-10021165,3,3,0,,0,0,,0,0,,0
8-10023711,4,4,0,,0,0,,0,0,,0
8-10031772,4,4,1,2020-10-20T20:51:41Z,1,0,,0,0,,0
8-10030175,2,2,0,,0,0,,0,0,,0
8-10021858,3,3,0,,0,0,,0,0,,0
8-10003824,4,4,1,2020-10-23T02:14:11Z,1,0,,0,0,,0
8-10053071,3,3,0,,0,0,,0,0,,0
8-10037154,1,1,0,,0,0,,0,0,,0
8-10016835,2,2,0,,0,0,,0,0,,0
627,1,1,0,,0,0,,0,0,,0
8-10021762,1,1,0,,0,0,,0,0,,0
1704,3,3,0,,0,0,,0,0,,0
2159,4,4,0,,0,0,,0,0,,0
8-10005817,1,1,1,2020-10-20T19:55:06Z,1,0,,0,0,,0
1733,3,3,0,,0,0,,0,0,,0
8-10052306,4,4,0,,0,0,,0,0,,0
8-10028274,1,1,0,,0,0,,0,0,,0
8-10012883,1,1,0,,0,0,,0,1,2020-10-20T00:00:00Z,1
8-10051098,1,1,0,,0,0,,0,0,,0
8-10040031,1,1,0,,0,0,,0,0,,0
8-10031774,1,1,1,2020-10-20T19:53:55Z,2,0,,0,0,,0
2250,3,3,0,,0,0,,0,0,,0
8-10022199,4,4,0,,0,0,,0,0,,0
1570,2,2,1,2020-10-20T21:58:49Z,2,0,,0,0,,0
1758,1,1,0,,0,0,,0,1,2020-10-20T00:00:00Z,1
8-10008938,3,3,0,,0,0,,0,0,,0
8-10052326,1,1,1,2020-10-20T20:20:09Z,1,0,,0,0,,0
8-10006019,2,2,0,,0,0,,0,0,,0
8-10052302,3,3,1,2020-10-22T03:01:01Z,1,0,,0,0,,0
8-10005546,3,3,0,,0,0,,0,0,,0
8-10044742,1,1,0,,0,0,,0,0,,0
8-10031574,2,2,1,2020-10-20T21:43:58Z,1,0,,0,0,,0
8-10038671,2,2,0,,0,0,,0,0,,0
8-10020938,3,3,0,,0,0,,0,0,,0
8-10052305,2,2,0,,0,0,,0,0,,0
8-10031777,1,1,0,,0,0,,0,0,,0
8-10031778,3,3,0,,0,0,,0,0,,0
8-10013779,1,1,0,,0,0,,0,0,,0
8-10013492,3,3,0,,0,0,,0,0,,0
8-10018879,4,4,1,2020-10-21T02:17:50Z,1,0,,0,0,,0
8-10024071,2,2,1,2020-10-20T21:37:43Z,1,0,,0,0,,0
8-10047459,2,2,0,,0,0,,0,0,,0
8-10017146,2,2,0,,0,0,,0,0,,0
8-10012949,3,3,1,2020-10-20T21:06:05Z,1,0,,0,0,,0
8-10025243,3,3,0,,0,0,,0,0,,0
8-10049037,1,1,1,2020-10-20T21:36:03Z,2,0,,0,0,,0
8-10014658,1,1,1,2020-10-20T20:27:27Z,2,0,,0,0,,0
8-10047893,4,4,1,2020-10-22T04:38:51Z,1,0,,0,0,,0
8-10003664,2,2,0,,0,0,,0,0,,0
8-10039141,4,4,0,,0,0,,0,0,,0
8-10036513,1,1,0,,0,0,,0,0,,0
8-10030100,4,4,0,,0,0,,0,0,,0
8-10044483,1,1,1,2020-10-20T20:00:06Z,1,0,,0,0,,0
8-10030287,1,1,1,2020-10-20T20:34:03Z,1,0,,0,0,,0
8-10052876,3,3,0,,0,0,,0,0,,0
8-10020157,2,2,0,,0,0,,0,0,,0
8-10040882,2,2,0,,0,0,,0,0,,0
8-10005905,1,1,0,,0,0,,0,0,,0
8-10020196,3,3,0,,0,0,,0,1,2020-10-20T00:00:00Z,1
8-10028299,4,4,0,,0,0,,0,0,,0
8-10028130,3,3,1,2020-10-20T20:36:21Z,1,0,,0,0,,0
8-10005528,3,3,0,,0,0,,0,0,,0
8-10017254,3,3,1,2020-10-20T20:34:23Z,1,0,,0,0,,0
8-10052013,1,1,0,,0,0,,0,0,,0
8-10027397,2,2,0,,0,0,,0,0,,0
8-10046766,4,4,0,,0,0,,0,0,,0
8-10050734,4,4,1,2020-10-20T20:54:23Z,1,0,,0,0,,0
8-10011853,1,1,0,,0,0,,0,0,,0
8-10042059,4,4,0,,0,0,,0,0,,0
8-10012008,4,4,0,,0,0,,0,0,,0
8-10053744,2,2,1,2020-10-20T20:16:07Z,1,0,,0,0,,0
8-10003635,4,4,0,,0,0,,0,1,2020-10-20T00:00:00Z,1
8-10003999,1,1,0,,0,0,,0,0,,0
8-10013511,2,2,0,,0,0,,0,0,,0
8-10027975,2,2,0,,0,0,,0,0,,0
869,4,4,0,,0,0,,0,1,2020-10-20T00:00:00Z,1
1565,3,3,0,,0,0,,0,1,2020-10-20T00:00:00Z,1
8-10024806,4,4,0,,0,0,,0,0,,0
8-10046291,3,3,0,,0,0,,0,0,,0
8-10025525,4,4,0,,0,0,,0,0,,0
8-10020322,1,1,0,,0,0,,0,0,,0
8-10042979,3,3,0,,0,0,,0,0,,0
8-10032909,3,3,0,,0,0,,0,0,,0
8-10026240,2,2,1,2020-10-22T12:45:14Z,1,0,,0,0,,0
8-10010180,1,1,1,2020-10-20T20:39:50Z,1,0,,0,0,,0
8-10036589,3,3,0,,0,0,,0,0,,0
8-10027437,3,3,0,,0,0,,0,0,,0
8-10011445,4,4,0,,0,0,,0,0,,0
718,3,3,0,,0,0,,0,1,2020-10-20T00:00:00Z,1
8-10052332,2,2,1,2020-10-20T21:06:26Z,1,0,,0,0,,0
8-10047374,1,1,0,,0,0,,0,0,,0
8-10023601,4,4,0,,0,0,,0,0,,0
8-10036459,2,2,0,,0,0,,0,0,,0
8-10043169,1,1,0,,0,0,,0,0,,0
8-10007819,2,2,0,,0,0,,0,0,,0
8-10046701,4,4,1,2020-10-20T21:21:22Z,1,0,,0,0,,0
955,4,4,0,,0,0,,0,0,,0
8-10028890,1,1,0,,0,0,,0,0,,0
8-10032554,4,4,0,,0,0,,0,0,,0
8-10050845,1,1,1,2020-10-20T19:58:23Z,1,0,,0,0,,0
8-10026550,1,1,1,2020-10-20T22:27:31Z,1,0,,0,0,,0
1477,3,3,1,2020-10-20T20:39:30Z,1,0,,0,0,,0
8-10014074,4,4,0,,0,0,,0,0,,0
8-10013760,1,1,0,,0,0,,0,0,,0
8-10006311,4,4,0,,0,0,,0,1,2020-10-20T00:00:00Z,1
8-10030424,1,1,0,,0,0,,0,0,,0
8-10035188,2,2,0,,0,0,,0,0,,0
8-10011619,1,1,0,,0,0,,0,0,,0
8-10043438,4,4,0,,0,0,,0,0,,0
1591,3,3,0,,0,0,,0,0,,0
8-10006619,2,2,1,2020-10-20T20:33:42Z,1,0,,0,0,,0
8-10013043,1,1,0,,0,0,,0,0,,0
8-10014275,4,4,0,,0,0,,0,0,,0
8-10019776,4,4,0,,0,0,,0,0,,0
1490,3,3,1,2020-10-20T20:30:55Z,1,0,,0,0,,0
8-10016970,2,2,0,,0,0,,0,0,,0
8-10018505,1,1,0,,0,0,,0,0,,0
8-10012517,2,2,0,,0,0,,0,0,,0
8-10020394,2,2,0,,0,0,,0,0,,0
8-10017040,1,1,0,,0,0,,0,0,,0
8-10048092,1,1,1,2020-10-20T20:05:07Z,1,0,,0,0,,0
8-10025653,1,1,1,2020-10-21T22:08:30Z,1,0,,0,0,,0
8-10004102,2,2,1,2020-10-24T17:55:48Z,1,0,,0,0,,0
2199,2,2,0,,0,0,,0,1,2020-10-20T00:00:00Z,1
8-10020618,1,1,0,,0,0,,0,0,,0
8-10003711,4,4,0,,0,0,,0,0,,0
1548,3,3,1,2020-10-20T23:30:16Z,1,0,,0,0,,0
8-10046928,3,3,0,,0,0,,0,0,,0
8-10050802,1,1,0,,0,0,,0,0,,0
8-10051031,1,1,0,,0,0,,0,0,,0
8-10033892,2,2,1,2020-10-20T23:48:26Z,3,0,,0,0,,0
8-10042039,4,4,1,2020-10-20T21:07:00Z,1,1,2020-10-20T22:13:46Z,1,0,,0
8-10051526,1,1,0,,0,0,,0,0,,0
8-10024354,4,4,0,,0,0,,0,0,,0
8-10019180,2,2,0,,0,0,,0,0,,0
8-10017810,3,3,0,,0,0,,0,0,,0
8-10045543,1,1,0,,0,0,,0,1,2020-10-20T00:00:00Z,1
8-10031801,4,4,0,,0,0,,0,0,,0
444,4,4,1,2020-10-20T20:49:08Z,2,0,,0,0,,0
8-10025276,4,4,1,2020-10-20T20:52:46Z,2,0,,0,0,,0
8-10052358,3,3,0,,0,0,,0,0,,0
8-10012030,2,2,0,,0,0,,0,0,,0
8-10031803,2,2,0,,0,0,,0,0,,0
8-10019456,1,1,0,,0,0,,0,1,2020-10-20T00:00:00Z,1
8-10014623,1,1,0,,0,0,,0,0,,0
8-10033046,2,2,1,2020-10-20T20:51:33Z,1,0,,0,0,,0
8-10044638,3,3,0,,0,0,,0,0,,0
8-10031537,2,2,0,,0,0,,0,0,,0
8-10027442,3,3,0,,0,0,,0,0,,0
8-10006384,1,1,1,2020-10-20T19:54:07Z,1,0,,0,0,,0
8-10052361,1,1,1,2020-10-21T00:05:08Z,1,0,,0,0,,0
8-10018339,2,2,1,2020-10-20T21:41:51Z,1,0,,0,0,,0
8-10022088,1,1,0,,0,0,,0,0,,0
8-10052163,1,1,0,,0,0,,0,0,,0
8-10047928,3,3,1,2020-10-21T02:00:29Z,2,0,,0,0,,0
8-10052142,3,3,0,,0,0,,0,0,,0
8-10028532,4,4,0,,0,0,,0,0,,0
8-10051870,1,1,0,,0,0,,0,0,,0
1000,2,2,1,2020-10-20T23:13:52Z,4,0,,0,0,,0
8-10049620,2,2,0,,0,0,,0,0,,0
8-10011868,1,1,0,,0,0,,0,0,,0
8-10014506,4,4,0,,0,0,,0,0,,0
8-10030919,1,1,0,,0,0,,0,0,,0
8-10018979,3,3,0,,0,0,,0,0,,0
8-10024442,4,4,0,,0,0,,0,0,,0
8-10024404,1,1,0,,0,0,,0,0,,0
8-10025236,3,3,0,,0,0,,0,0,,0
8-10040759,1,1,1,2020-10-20T19:54:00Z,1,0,,0,0,,0
8-10005844,1,1,0,,0,0,,0,0,,0
8-10021188,1,1,0,,0,0,,0,0,,0
8-10031163,1,1,0,,0,0,,0,0,,0
8-10051642,2,2,1,2020-10-20T21:06:55Z,2,0,,0,0,,0
8-10041910,4,4,0,,0,0,,0,0,,0
8-10023397,3,3,1,2020-10-20T20:53:04Z,1,0,,0,0,,0
8-10053183,4,4,0,,0,0,,0,0,,0
359,1,1,0,,0,0,,0,0,,0
8-10025331,2,2,0,,0,0,,0,0,,0
2243,1,1,0,,0,0,,0,0,,0
8-10021472,2,2,0,,0,0,,0,0,,0
8-10050457,2,2,0,,0,0,,0,0,,0
8-10035303,3,3,1,2020-10-21T19:08:36Z,1,0,,0,0,,0
8-10011346,4,4,1,2020-10-20T20:49:52Z,1,0,,0,0,,0
8-10030715,1,1,0,,0,0,,0,0,,0
8-10023051,1,1,1,2020-10-20T21:24:48Z,3,0,,0,0,,0
8-10020335,3,3,1,2020-10-20T21:33:12Z,2,0,,0,0,,0
8-10006346,2,2,1,2020-10-20T20:16:14Z,1,0,,0,0,,0
687,2,2,0,,0,0,,0,0,,0
8-10031816,3,3,0,,0,0,,0,0,,0
8-10047980,3,3,1,2020-10-20T20:29:54Z,3,0,,0,0,,0
8-10052346,3,3,0,,0,0,,0,0,,0
8-10052378,4,4,0,,0,0,,0,0,,0
8-10011294,3,3,1,2020-10-22T15:38:14Z,2,0,,0,0,,0
1826,1,1,0,,0,0,,0,1,2020-10-20T00:00:00Z,1
8-10006031,2,2,0,,0,0,,0,0,,0
8-10040864,4,4,0,,0,0,,0,0,,0
8-10031818,1,1,0,,0,0,,0,0,,0
8-10052383,3,3,0,,0,0,,0,0,,0
8-10018417,2,2,0,,0,0,,0,0,,0
8-10039496,2,2,1,2020-10-21T11:20:35Z,1,0,,0,0,,0
8-10005961,3,3,0,,0,0,,0,0,,0
8-10039320,1,1,1,2020-10-20T20:10:49Z,1,0,,0,0,,0
8-10019255,4,4,0,,0,0,,0,0,,0
8-10030780,1,1,0,,0,0,,0,0,,0
8-10048396,1,1,1,2020-10-20T19:54:27Z,1,0,,0,0,,0
8-10005508,1,1,0,,0,0,,0,1,2020-10-20T00:00:00Z,1
8-10012336,2,2,0,,0,0,,0,0,,0
8-10053272,1,1,0,,0,0,,0,0,,0
8-10046815,1,1,0,,0,0,,0,0,,0
8-10040954,1,1,0,,0,0,,0,0,,0
8-10027348,4,4,1,2020-10-20T20:49:10Z,2,0,,0,0,,0
8-10024560,4,4,0,,0,0,,0,0,,0
8-10021957,3,3,0,,0,0,,0,0,,0
8-10034393,1,1,1,2020-10-21T17:14:08Z,1,0,,0,0,,0
8-10019598,4,4,0,,0,0,,0,0,,0
8-10031456,2,2,0,,0,0,,0,0,,0
8-10043545,2,2,0,,0,0,,0,0,,0
8-10004607,1,1,0,,0,0,,0,0,,0
8-10041908,4,4,0,,0,0,,0,0,,0
8-10031823,2,2,1,2020-10-20T21:07:23Z,1,0,,0,0,,0
8-10027062,2,2,1,2020-10-20T20:35:03Z,1,0,,0,0,,0
8-10052403,1,1,0,,0,0,,0,0,,0
8-10020875,3,3,0,,0,0,,0,0,,0
8-10027194,4,4,0,,0,0,,0,0,,0
8-10046329,3,3,1,2020-10-20T20:39:19Z,2,0,,0,0,,0
8-10019227,1,1,0,,0,0,,0,0,,0
8-10048105,3,3,1,2020-10-20T20:35:37Z,1,0,,0,0,,0
8-10052407,1,1,0,,0,0,,0,0,,0
8-10053807,4,4,1,2020-10-24T11:34:39Z,1,0,,0,0,,0
8-10041205,3,3,0,,0,0,,0,0,,0
8-10004788,2,2,0,,0,0,,0,0,,0
8-10019029,4,4,0,,0,0,,0,0,,0
8-10045277,1,1,0,,0,0,,0,0,,0
8-10005257,4,4,0,,0,0,,0,0,,0
893,4,4,0,,0,0,,0,0,,0
8-10046930,2,2,0,,0,0,,0,0,,0
8-10023025,1,1,0,,0,0,,0,0,,0
8-10029551,4,4,0,,0,0,,0,0,,0
8-10030588,3,3,0,,0,0,,0,0,,0
2107,2,2,1,2020-10-20T20:44:41Z,2,0,,0,0,,0
8-10004305,4,4,0,,0,0,,0,0,,0
8-10010168,3,3,0,,0,0,,0,0,,0
8-10051813,4,4,0,,0,0,,0,0,,0
8-10005999,3,3,0,,0,0,,0,0,,0
8-10052414,2,2,0,,0,0,,0,0,,0
8-10019817,2,2,0,,0,0,,0,0,,0
8-10034069,1,1,0,,0,0,,0,0,,0
8-10020597,2,2,0,,0,0,,0,0,,0
8-10038830,1,1,0,,0,0,,0,0,,0
8-10029547,4,4,1,2020-10-21T16:24:29Z,1,0,,0,0,,0
8-10017862,4,4,0,,0,0,,0,0,,0
8-10010149,2,2,1,2020-10-21T00:07:25Z,1,0,,0,0,,0
8-10005866,1,1,1,2020-10-20T19:53:57Z,2,0,,0,0,,0
8-10024054,4,4,0,,0,0,,0,0,,0
8-10003922,2,2,0,,0,0,,0,0,,0
8-10050501,3,3,0,,0,0,,0,0,,0
8-10046476,4,4,0,,0,0,,0,0,,0
8-10006452,2,2,0,,0,0,,0,0,,0
8-10019383,3,3,0,,0,0,,0,0,,0
8-10052682,3,3,1,2020-10-20T21:31:17Z,1,0,,0,0,,0
8-10053907,3,3,0,,0,0,,0,0,,0
8-10035873,1,1,0,,0,0,,0,0,,0
8-10011845,3,,,,,,,,,,
8-10019742,3,3,0,,0,0,,0,0,,0
8-10011879,1,1,1,2020-10-20T20:01:28Z,2,0,,0,0,,0
8-10029566,3,3,0,,0,0,,0,0,,0
8-10016719,1,1,1,2020-10-20T19:59:02Z,1,0,,0,0,,0
8-10052399,3,3,1,2020-10-20T22:31:04Z,1,0,,0,0,,0
8-10048468,1,1,0,,0,0,,0,0,,0
8-10053794,2,2,1,2020-10-20T20:35:19Z,1,0,,0,0,,0
8-10024021,1,1,1,2020-10-20T19:54:07Z,1,0,,0,0,,0
8-10039129,4,4,0,,0,0,,0,0,,0
8-10031839,4,4,0,,0,0,,0,0,,0
8-10024147,4,4,1,2020-10-21T17:34:18Z,1,0,,0,0,,0
8-10052409,3,3,0,,0,0,,0,0,,0
8-10032289,1,1,0,,0,0,,0,0,,0
8-10015648,1,1,0,,0,0,,0,0,,0
8-10024706,2,2,0,,0,0,,0,0,,0
8-10014991,2,2,0,,0,0,,0,1,2020-10-20T00:00:00Z,1
8-10021120,2,2,1,2020-10-20T20:15:24Z,1,0,,0,0,,0
8-10020297,2,2,0,,0,0,,0,0,,0
8-10039089,4,4,0,,0,0,,0,0,,0
8-10031066,3,3,0,,0,0,,0,0,,0
8-10052424,2,2,0,,0,0,,0,0,,0
8-10026886,2,2,0,,0,0,,0,0,,0
8-10022383,1,1,1,2020-10-20T23:42:58Z,2,0,,0,0,,0
8-10022964,1,1,0,,0,0,,0,0,,0
8-10006473,3,3,1,2020-10-20T22:29:28Z,2,0,,0,0,,0
8-10040840,3,3,0,,0,0,,0,0,,0
8-10031842,4,4,1,2020-10-20T21:16:20Z,2,0,,0,0,,0
8-10005136,3,3,0,,0,0,,0,0,,0
8-10038778,2,2,1,2020-10-21T01:49:53Z,1,0,,0,0,,0
8-10003742,2,2,0,,0,0,,0,0,,0
8-10018066,3,3,0,,0,0,,0,0,,0
8-10007820,3,3,1,2020-10-21T21:21:18Z,1,0,,0,0,,0
8-10007802,2,2,1,2020-10-20T20:15:30Z,1,0,,0,0,,0
8-10013947,2,2,1,2020-10-20T23:05:19Z,1,0,,0,0,,0
8-10005337,1,1,0,,0,0,,0,0,,0
8-10038559,1,1,0,,0,0,,0,0,,0
8-10011983,3,3,0,,0,0,,0,0,,0
8-10011625,1,1,0,,0,0,,0,0,,0
8-10029348,3,3,0,,0,0,,0,0,,0
8-10018873,3,3,0,,0,0,,0,0,,0
8-10004058,4,4,0,,0,0,,0,0,,0
8-10023844,3,3,0,,0,0,,0,0,,0
8-10039555,1,1,1,2020-10-21T11:40:34Z,1,0,,0,0,,0
8-10024968,3,3,0,,0,0,,0,0,,0
8-10019365,2,2,0,,0,0,,0,0,,0
8-10040287,1,1,0,,0,0,,0,0,,0
8-10013702,4,4,0,,0,0,,0,0,,0
8-10052439,3,3,1,2020-10-20T21:02:40Z,1,0,,0,0,,0
8-10025379,1,1,0,,0,0,,0,0,,0
8-10052453,4,4,0,,0,0,,0,0,,0
8-10004621,2,2,0,,0,0,,0,0,,0
8-10043351,3,3,0,,0,0,,0,0,,0
8-10012788,1,1,0,,0,0,,0,0,,0
8-10020653,1,,,,,,,,,,
1598,4,,,,,,,,,,
8-10004350,1,1,0,,0,0,,0,0,,0
8-10013074,3,3,0,,0,0,,0,0,,0
8-10011763,4,4,0,,0,0,,0,0,,0
8-10012018,3,3,1,2020-10-20T20:41:14Z,1,0,,0,0,,0
8-10022532,3,3,0,,0,0,,0,0,,0
8-10024704,1,1,1,2020-10-20T20:09:45Z,1,0,,0,0,,0
8-10029787,3,3,0,,0,0,,0,0,,0
8-10032418,4,4,0,,0,0,,0,0,,0
8-10047265,1,1,1,2020-10-20T20:09:51Z,1,0,,0,0,,0
8-10033181,4,4,0,,0,0,,0,0,,0
8-10012261,4,4,1,2020-10-21T19:41:47Z,1,0,,0,0,,0
8-10039536,3,3,0,,0,0,,0,1,2020-10-20T00:00:00Z,1
8-10036201,3,3,0,,0,0,,0,0,,0
8-10030061,1,1,0,,0,0,,0,0,,0
8-10029657,3,3,0,,0,0,,0,0,,0
8-10018125,4,4,0,,0,0,,0,0,,0
8-10031854,1,1,0,,0,0,,0,0,,0
8-10012608,3,3,1,2020-10-20T21:45:28Z,1,0,,0,0,,0
8-10045077,4,4,0,,0,0,,0,0,,0
8-10041433,4,4,0,,0,0,,0,0,,0
8-10040437,4,4,0,,0,0,,0,1,2020-10-20T00:00:00Z,1
8-10020209,1,1,0,,0,0,,0,1,2020-10-20T00:00:00Z,1
8-10029589,3,3,0,,0,0,,0,0,,0
8-10052466,3,3,0,,0,0,,0,0,,0
8-10052317,4,4,1,2020-10-20T21:34:36Z,1,0,,0,0,,0
8-10014808,4,4,1,2020-10-20T21:19:59Z,1,0,,0,0,,0
8-10053855,1,1,1,2020-10-21T00:15:43Z,3,0,,0,0,,0
8-10052471,1,1,0,,0,0,,0,0,,0
8-10031660,4,4,0,,0,0,,0,1,2020-10-20T00:00:00Z,1
2309,1,1,0,,0,0,,0,0,,0
8-10028780,4,4,0,,0,0,,0,0,,0
8-10040687,2,2,0,,0,0,,0,0,,0
8-10053232,2,2,1,2020-10-20T20:25:35Z,2,0,,0,0,,0
8-10031860,4,4,0,,0,0,,0,0,,0
1330,1,1,0,,0,0,,0,0,,0
8-10046755,2,2,0,,0,0,,0,0,,0
8-10045357,2,2,1,2020-10-21T13:58:31Z,1,0,,0,0,,0
8-10012166,3,3,0,,0,0,,0,0,,0
8-10036911,1,1,0,,0,0,,0,0,,0
8-10040369,2,2,0,,0,0,,0,0,,0
8-10031862,2,2,0,,0,0,,0,0,,0
8-10052482,2,2,1,2020-10-20T20:31:03Z,1,0,,0,0,,0
8-10006566,1,1,0,,0,0,,0,0,,0
8-10005441,2,2,0,,0,0,,0,0,,0
8-10041848,4,4,0,,0,0,,0,0,,0
8-10018675,3,3,0,,0,0,,0,0,,0
8-10025174,2,2,0,,0,0,,0,0,,0
8-10011940,2,2,0,,0,0,,0,0,,0
8-10007719,4,4,0,,0,0,,0,0,,0
8-10020583,1,1,0,,0,0,,0,1,2020-10-20T00:00:00Z,1
8-10016205,2,2,0,,0,0,,0,0,,0
992,2,2,1,2020-10-21T01:46:56Z,2,0,,0,0,,0
8-10053732,3,3,0,,0,0,,0,0,,0
1450,4,4,1,2020-10-20T22:46:45Z,1,0,,0,0,,0
8-10052488,3,3,0,,0,0,,0,0,,0
8-10047239,3,3,0,,0,0,,0,0,,0
8-10005556,4,4,1,2020-10-20T21:39:33Z,1,0,,0,0,,0
8-10005099,2,2,0,,0,0,,0,0,,0
1692,2,2,1,2020-10-20T20:16:12Z,1,0,,0,0,,0
8-10044756,2,2,0,,0,0,,0,0,,0
8-10004791,2,2,0,,0,0,,0,0,,0
303,4,4,0,,0,0,,0,1,2020-10-20T00:00:00Z,1
8-10011327,2,2,0,,0,0,,0,0,,0
2140,2,2,0,,0,0,,0,0,,0
8-10034807,4,4,1,2020-10-20T21:01:59Z,2,0,,0,0,,0
8-10044713,1,1,0,,0,0,,0,0,,0
8-10004617,2,2,0,,0,0,,0,0,,0
8-10052494,4,4,0,,0,0,,0,1,2020-10-20T00:00:00Z,1
8-10050651,1,1,1,2020-10-25T15:31:05Z,1,0,,0,0,,0
8-10039137,1,1,0,,0,0,,0,0,,0
8-10028310,2,2,0,,0,0,,0,0,,0
8-10053505,3,3,0,,0,0,,0,0,,0
8-10052110,2,2,0,,0,0,,0,0,,0
8-10003747,3,3,0,,0,0,,0,0,,0
8-10031354,4,4,0,,0,0,,0,0,,0
1699,1,1,1,2020-10-21T02:19:18Z,1,0,,0,0,,0
8-10015422,1,1,0,,0,0,,0,0,,0
8-10003835,3,3,0,,0,0,,0,0,,0
8-10032876,2,2,0,,0,0,,0,0,,0
8-10018542,2,2,0,,0,0,,0,0,,0
8-10000086,2,2,0,,0,0,,0,0,,0
8-10052242,2,2,0,,0,0,,0,0,,0
8-10029132,2,2,0,,0,0,,0,0,,0
8-10021599,2,2,0,,0,0,,0,0,,0
8-10006622,4,4,0,,0,0,,0,0,,0
8-10020180,2,2,0,,0,0,,0,0,,0
8-10016691,2,2,0,,0,0,,0,0,,0
8-10045584,2,2,1,2020-10-20T20:44:23Z,1,0,,0,0,,0
8-10021470,3,3,1,2020-10-21T02:36:44Z,1,0,,0,0,,0
8-10044024,3,3,1,2020-10-20T22:13:33Z,2,0,,0,0,,0
8-10027644,3,3,0,,0,0,,0,0,,0
8-10040682,1,1,0,,0,0,,0,0,,0
8-10026908,1,1,1,2020-10-20T20:02:49Z,1,0,,0,0,,0
807,2,2,0,,0,0,,0,0,,0
8-10053508,4,4,1,2020-10-20T20:49:06Z,1,0,,0,0,,0
8-10038461,2,2,1,2020-10-20T20:15:27Z,1,0,,0,0,,0
8-10040278,2,2,0,,0,0,,0,0,,0
8-10052499,1,1,0,,0,0,,0,0,,0
8-10048824,1,1,0,,0,0,,0,0,,0
8-10010223,4,4,0,,0,0,,0,0,,0
8-10020172,2,2,0,,0,0,,0,1,2020-10-20T00:00:00Z,1
8-10031882,1,1,0,,0,0,,0,0,,0
1190,4,4,0,,0,0,,0,0,,0
8-10028276,4,4,1,2020-10-20T23:20:47Z,2,0,,0,0,,0
8-10028133,4,4,0,,0,0,,0,0,,0
8-10011316,4,4,0,,0,0,,0,0,,0
8-10021680,2,2,1,2020-10-20T20:15:24Z,1,0,,0,0,,0
8-10023507,2,2,1,2020-10-21T02:04:13Z,1,0,,0,0,,0
8-10020020,3,3,0,,0,0,,0,0,,0
8-10019216,4,4,0,,0,0,,0,0,,0
8-10041656,1,,,,,,,,,,
1409,1,1,1,2020-10-21T00:41:57Z,3,0,,0,0,,0
8-10016122,3,3,0,,0,0,,0,0,,0
8-10053437,4,4,0,,0,0,,0,0,,0
8-10000844,2,2,0,,0,0,,0,0,,0
8-10043114,1,1,0,,0,0,,0,0,,0
8-10024372,1,1,0,,0,0,,0,0,,0
8-10047273,3,3,0,,0,0,,0,0,,0
8-10005396,3,3,0,,0,0,,0,0,,0
8-10028875,1,1,0,,0,0,,0,0,,0
8-10046765,2,2,0,,0,0,,0,0,,0
8-10003811,3,3,0,,0,0,,0,0,,0
8-10033706,3,3,0,,0,0,,0,0,,0
8-10032445,2,2,0,,0,0,,0,0,,0
8-10052512,4,4,0,,0,0,,0,0,,0
8-10031887,1,1,0,,0,0,,0,0,,0
8-10029684,4,4,1,2020-10-20T21:45:50Z,2,0,,0,0,,0
8-10046911,2,2,0,,0,0,,0,0,,0
8-10027421,2,2,0,,0,0,,0,0,,0
8-10029988,3,3,0,,0,0,,0,0,,0
8-10021638,1,1,0,,0,0,,0,0,,0
8-10025055,1,1,0,,0,0,,0,0,,0
8-10029574,1,1,0,,0,0,,0,1,2020-10-20T00:00:00Z,1
8-10029573,4,4,0,,0,0,,0,0,,0
8-10024462,2,2,0,,0,0,,0,0,,0
8-10014555,1,1,0,,0,0,,0,0,,0
8-10004646,2,2,1,2020-10-20T20:20:47Z,1,0,,0,0,,0
8-10020655,2,2,0,,0,0,,0,0,,0
8-10006097,1,1,1,2020-10-20T20:06:33Z,2,0,,0,0,,0
8-10047048,3,3,0,,0,0,,0,0,,0
8-10041779,4,4,0,,0,0,,0,0,,0
8-10034367,1,1,0,,0,0,,0,1,2020-10-20T00:00:00Z,1
8-10038503,4,4,0,,0,0,,0,0,,0
8-10044474,3,3,1,2020-10-21T00:24:13Z,1,0,,0,0,,0
8-10052504,1,1,0,,0,0,,0,0,,0
8-10024100,2,2,1,2020-10-20T20:15:23Z,1,0,,0,0,,0
8-10044478,2,2,0,,0,0,,0,0,,0
8-10023619,2,2,0,,0,0,,0,0,,0
8-10020158,4,4,0,,0,0,,0,0,,0
8-10027589,3,3,0,,0,0,,0,0,,0
8-10052256,3,3,0,,0,0,,0,0,,0
8-10039022,4,4,0,,0,0,,0,0,,0
8-10037014,2,2,1,2020-10-20T20:15:23Z,1,0,,0,0,,0
1535,2,2,0,,0,0,,0,0,,0
8-10025676,1,1,0,,0,0,,0,0,,0
8-10004226,3,3,1,2020-10-20T21:11:29Z,1,0,,0,0,,0
8-10011597,4,4,0,,0,0,,0,0,,0
8-10037123,4,4,0,,0,0,,0,0,,0
8-10027969,4,4,0,,0,0,,0,0,,0
8-10050953,4,4,1,2020-10-20T21:40:21Z,1,0,,0,0,,0
8-10031439,4,4,1,2020-10-20T21:21:49Z,1,0,,0,0,,0
1010,1,,,,,,,,,,
8-10033246,4,4,0,,0,0,,0,0,,0
8-10004243,2,2,0,,0,0,,0,0,,0
8-10052524,1,1,0,,0,0,,0,0,,0
8-10023909,4,,,,,,,,,,
8-10015259,1,1,0,,0,0,,0,0,,0
8-10028751,2,2,1,2020-10-20T20:53:11Z,1,0,,0,0,,0
8-10029580,2,2,1,2020-10-20T20:20:25Z,2,0,,0,0,,0
8-10024087,1,1,0,,0,0,,0,0,,0
8-10052639,3,3,0,,0,0,,0,0,,0
8-10023722,2,2,1,2020-10-20T20:17:47Z,1,0,,0,0,,0
8-10041053,2,2,0,,0,0,,0,0,,0
8-10020169,3,3,1,2020-10-20T20:37:48Z,3,0,,0,0,,0
146,1,1,0,,0,0,,0,0,,0
8-10049289,3,3,0,,0,0,,0,0,,0
1486,3,,,,,,,,,,
8-10052522,2,2,0,,0,0,,0,0,,0
8-10020437,3,3,0,,0,0,,0,0,,0
8-10052525,3,3,1,2020-10-20T21:02:12Z,1,0,,0,0,,0
8-10026063,1,1,0,,0,0,,0,0,,0
1879,4,4,1,2020-10-20T20:49:08Z,1,0,,0,0,,0
8-10036218,3,3,1,2020-10-20T21:43:34Z,1,0,,0,0,,0
544,2,2,0,,0,0,,0,0,,0
8-10026709,1,1,0,,0,0,,0,0,,0
8-10013192,1,1,0,,0,0,,0,0,,0
8-10005221,1,1,1,2020-10-21T11:32:54Z,1,0,,0,0,,0
8-10022825,1,1,0,,0,0,,0,0,,0
8-10030673,2,2,1,2020-10-22T00:55:42Z,1,0,,0,0,,0
8-10040331,3,3,0,,0,0,,0,0,,0
8-10039298,4,4,1,2020-10-20T21:16:22Z,1,0,,0,0,,0
8-10034759,2,2,0,,0,0,,0,0,,0
8-10024947,3,3,1,2020-10-21T06:32:54Z,2,0,,0,0,,0
8-10034172,3,3,0,,0,0,,0,0,,0
8-10014924,4,4,0,,0,0,,0,0,,0
8-10005246,3,3,1,2020-10-20T20:29:51Z,1,0,,0,0,,0
8-10013440,3,3,0,,0,0,,0,0,,0
8-10038965,3,3,0,,0,0,,0,0,,0
8-10039927,2,2,0,,0,0,,0,0,,0
8-10020143,1,1,0,,0,0,,0,0,,0
8-10051957,1,1,0,,0,0,,0,0,,0
8-10012115,3,3,0,,0,0,,0,0,,0
8-10051995,2,2,0,,0,0,,0,0,,0
8-10018595,2,2,1,2020-10-20T21:07:40Z,1,0,,0,0,,0
8-10038899,1,1,0,,0,0,,0,0,,0
8-10010052,2,2,0,,0,0,,0,0,,0
8-10026717,4,4,0,,0,0,,0,0,,0
8-10020940,3,3,0,,0,0,,0,0,,0
8-10051631,4,4,0,,0,0,,0,0,,0
8-10024800,2,2,1,2020-10-20T20:25:05Z,1,0,,0,0,,0
8-10019463,2,2,0,,0,0,,0,0,,0
8-10031901,2,2,0,,0,0,,0,0,,0
8-10011801,2,2,0,,0,0,,0,0,,0
8-10003856,1,1,1,2020-10-21T21:56:18Z,1,0,,0,0,,0
8-10019670,3,3,0,,0,0,,0,0,,0
8-10021459,4,4,0,,0,0,,0,0,,0
8-10013641,1,1,0,,0,0,,0,0,,0
8-10021057,1,1,0,,0,0,,0,0,,0
8-10015962,2,2,0,,0,0,,0,0,,0
8-10036897,4,4,0,,0,0,,0,0,,0
854,3,3,0,,0,0,,0,0,,0
8-10052574,2,2,0,,0,0,,0,0,,0
8-10052543,3,3,0,,0,0,,0,0,,0
8-10048840,2,2,0,,0,0,,0,0,,0
8-10034885,1,1,0,,0,0,,0,0,,0
8-10018635,1,1,1,2020-10-20T19:56:34Z,2,0,,0,0,,0
575,1,1,1,2020-10-20T20:05:51Z,1,0,,0,0,,0
8-10022565,2,2,0,,0,0,,0,0,,0
8-10032836,4,4,0,,0,0,,0,0,,0
8-10031907,1,1,1,2020-10-21T00:31:28Z,2,0,,0,0,,0
149,4,4,0,,0,0,,0,0,,0
8-10034682,4,4,1,2020-10-20T22:52:36Z,1,0,,0,0,,0
8-10005547,1,1,0,,0,0,,0,0,,0
8-10007737,3,3,0,,0,0,,0,0,,0
8-10020098,2,2,0,,0,0,,0,0,,0
8-10005279,4,4,0,,0,0,,0,1,2020-10-20T00:00:00Z,1
8-10053808,3,3,0,,0,0,,0,0,,0
8-10023174,1,1,0,,0,0,,0,0,,0
8-10031908,1,1,1,2020-10-20T20:39:45Z,1,0,,0,0,,0
8-10003549,4,,,,,,,,,,
1903,2,2,0,,0,0,,0,0,,0
8-10004263,3,3,1,2020-10-21T03:33:57Z,1,0,,0,0,,0
8-10019002,3,3,0,,0,0,,0,0,,0
507,1,1,0,,0,0,,0,0,,0
8-10017645,3,3,0,,0,0,,0,0,,0
8-10020007,2,2,0,,0,0,,0,0,,0
8-10005080,2,2,1,2020-10-20T23:11:27Z,1,0,,0,0,,0
8-10025815,4,4,0,,0,0,,0,0,,0
8-10053278,2,2,0,,0,0,,0,0,,0
8-10053184,3,3,0,,0,0,,0,0,,0
8-10017661,2,2,0,,0,0,,0,1,2020-10-20T00:00:00Z,1
1012,2,2,0,,0,0,,0,0,,0
8-10046844,4,4,0,,0,0,,0,0,,0
8-10044626,4,4,0,,0,0,,0,0,,0
8-10014948,1,1,1,2020-10-21T00:27:00Z,1,0,,0,0,,0
8-10013154,3,3,0,,0,0,,0,0,,0
8-10020709,4,4,0,,0,0,,0,0,,0
8-10031911,3,3,0,,0,0,,0,1,2020-10-20T00:00:00Z,1
8-10021200,1,1,1,2020-10-21T13:19:01Z,1,0,,0,0,,0
8-10040378,1,1,0,,0,0,,0,0,,0
8-10023716,1,1,0,,0,0,,0,0,,0
8-10014709,3,3,1,2020-10-21T11:13:27Z,1,0,,0,0,,0
8-10024979,1,1,0,,0,0,,0,0,,0
8-10039465,4,4,1,2020-10-20T20:49:18Z,1,0,,0,0,,0
8-10031914,4,4,0,,0,0,,0,0,,0
8-10010164,3,3,0,,0,0,,0,1,2020-10-20T00:00:00Z,1
8-10025077,2,2,0,,0,0,,0,0,,0
8-10013941,1,1,1,2020-10-20T20:00:17Z,1,0,,0,0,,0
8-10041140,4,4,0,,0,0,,0,0,,0
8-10025035,3,3,0,,0,0,,0,1,2020-10-20T00:00:00Z,1
8-10006294,4,4,0,,0,0,,0,0,,0
8-10052555,2,2,0,,0,0,,0,0,,0
8-10043342,2,2,0,,0,0,,0,0,,0
8-10004624,4,4,1,2020-10-20T21:16:00Z,2,0,,0,0,,0
8-10014670,4,4,0,,0,0,,0,0,,0
8-10019004,2,2,0,,0,0,,0,0,,0
8-10023119,1,1,1,2020-10-20T20:51:53Z,2,0,,0,0,,0
8-10011906,3,3,0,,0,0,,0,0,,0
8-10052580,1,1,0,,0,0,,0,0,,0
8-10044587,3,3,0,,0,0,,0,0,,0
8-10024820,3,3,0,,0,0,,0,0,,0
8-10011702,4,4,0,,0,0,,0,0,,0
8-10041265,3,3,1,2020-10-20T21:14:29Z,1,0,,0,0,,0
8-10003797,2,2,0,,0,0,,0,0,,0
8-10027425,2,2,1,2020-10-20T22:12:57Z,1,0,,0,0,,0
8-10023703,2,2,0,,0,0,,0,0,,0
8-10044442,4,4,0,,0,0,,0,0,,0
8-10041075,4,4,0,,0,0,,0,0,,0
8-10014239,1,1,0,,0,0,,0,0,,0
2121,3,3,0,,0,0,,0,1,2020-10-20T00:00:00Z,1
8-10026493,1,1,0,,0,0,,0,0,,0
8-10011368,3,3,1,2020-10-20T20:29:52Z,1,0,,0,0,,0
8-10017481,3,3,0,,0,0,,0,0,,0
8-10020733,1,1,0,,0,0,,0,0,,0
8-10021613,3,3,0,,0,0,,0,0,,0
8-10052591,4,4,1,2020-10-21T00:27:30Z,1,0,,0,0,,0
8-10047330,2,2,0,,0,0,,0,0,,0
8-10039211,4,4,0,,0,0,,0,0,,0
8-10023569,3,3,1,2020-10-20T20:29:58Z,1,0,,0,0,,0
8-10019720,2,2,0,,0,0,,0,0,,0
1329,4,4,1,2020-10-20T20:49:04Z,1,0,,0,0,,0
8-10005777,1,1,0,,0,0,,0,0,,0
8-10028127,4,4,0,,0,0,,0,0,,0
8-10008907,1,1,0,,0,0,,0,0,,0
8-10022025,4,4,0,,0,0,,0,0,,0
8-10025186,2,2,0,,0,0,,0,0,,0
8-10039467,1,1,0,,0,0,,0,0,,0
8-10004333,4,4,1,2020-10-20T22:43:51Z,1,0,,0,0,,0
8-10020616,3,3,0,,0,0,,0,0,,0
8-10004662,1,1,1,2020-10-20T20:55:46Z,2,0,,0,0,,0
8-10041856,1,1,0,,0,0,,0,0,,0
8-10028067,1,1,0,,0,0,,0,0,,0
8-10027155,3,3,0,,0,0,,0,0,,0
8-10023249,1,1,0,,0,0,,0,0,,0
8-10052092,4,4,0,,0,0,,0,0,,0
8-10032928,3,3,0,,0,0,,0,0,,0
8-10018723,4,4,0,,0,0,,0,0,,0
8-10012638,2,2,1,2020-10-20T21:29:42Z,1,0,,0,0,,0
8-10041877,1,1,0,,0,0,,0,0,,0
8-10018914,4,4,0,,0,0,,0,0,,0
487,3,3,0,,0,0,,0,0,,0
8-10048077,2,2,0,,0,0,,0,0,,0
8-10052582,1,1,0,,0,0,,0,0,,0
8-10004345,2,2,1,2020-10-20T21:57:57Z,2,0,,0,0,,0
8-10040315,1,1,0,,0,0,,0,0,,0
8-10049648,1,1,1,2020-10-20T20:01:25Z,1,0,,0,0,,0
8-10006624,2,2,0,,0,0,,0,0,,0
8-10011785,1,1,0,,0,0,,0,0,,0
1411,2,2,1,2020-10-21T00:07:12Z,1,0,,0,0,,0
8-10009028,3,3,0,,0,0,,0,0,,0
8-10000023,1,1,1,2020-10-20T20:38:37Z,2,0,,0,0,,0
8-10004161,4,4,1,2020-10-27T15:00:35Z,1,0,,0,0,,0
8-10021278,3,3,0,,0,0,,0,0,,0
8-10029746,3,3,0,,0,0,,0,0,,0
8-10001119,3,3,0,,0,0,,0,0,,0
1050,1,1,0,,0,0,,0,0,,0
8-10029078,2,2,0,,0,0,,0,0,,0
8-10004026,2,2,0,,0,0,,0,0,,0
1618,3,3,0,,0,0,,0,0,,0
8-10014432,4,4,0,,0,0,,0,0,,0
8-10005323,3,3,1,2020-10-20T23:46:31Z,1,0,,0,0,,0
8-10034363,1,1,0,,0,0,,0,0,,0
8-10019922,3,3,0,,0,0,,0,1,2020-10-20T00:00:00Z,1
8-10013371,3,3,1,2020-10-20T23:46:55Z,1,0,,0,0,,0
8-10012016,3,3,0,,0,0,,0,1,2020-10-20T00:00:00Z,1
8-10043672,2,2,0,,0,0,,0,0,,0
8-10025083,2,2,1,2020-10-20T20:57:19Z,1,0,,0,0,,0
8-10002471,3,,,,,,,,,,
8-10025238,4,4,0,,0,0,,0,0,,0
8-10023570,1,1,0,,0,0,,0,0,,0
8-10027314,2,2,0,,0,0,,0,0,,0
8-10015377,4,4,1,2020-10-21T13:28:06Z,2,0,,0,0,,0
8-10003578,4,4,0,,0,0,,0,0,,0
8-10042280,2,2,0,,0,0,,0,0,,0
8-10014109,4,4,1,2020-10-20T20:52:57Z,1,0,,0,0,,0
8-10039987,1,1,0,,0,0,,0,0,,0
8-10047288,4,4,0,,0,0,,0,0,,0
8-10024278,3,3,0,,0,0,,0,0,,0
8-10052611,1,1,0,,0,0,,0,0,,0
8-10031938,2,2,0,,0,0,,0,0,,0
8-10052613,2,2,0,,0,0,,0,0,,0
8-10014575,3,3,0,,0,0,,0,0,,0
8-10050863,4,4,0,,0,0,,0,0,,0
8-10017418,4,4,0,,0,0,,0,1,2020-10-20T00:00:00Z,1
8-10024351,1,1,1,2020-10-20T19:53:58Z,3,0,,0,0,,0
8-10052141,2,2,1,2020-10-20T20:38:53Z,1,0,,0,0,,0
8-10017166,1,,,,,,,,,,
8-10019565,1,1,0,,0,0,,0,0,,0
8-10005312,1,1,0,,0,0,,0,0,,0
8-10003916,4,4,1,2020-10-21T00:08:29Z,3,0,,0,0,,0
8-10032278,2,2,0,,0,0,,0,0,,0
8-10045162,1,1,1,2020-10-20T20:46:43Z,2,0,,0,0,,0
8-10019925,1,1,0,,0,0,,0,0,,0
8-10021610,3,3,0,,0,0,,0,0,,0
8-10053164,3,3,0,,0,0,,0,0,,0
176,1,1,0,,0,0,,0,0,,0
8-10001532,1,1,1,2020-10-20T21:25:42Z,2,0,,0,0,,0
8-10052644,4,4,1,2020-10-20T23:52:07Z,1,0,,0,0,,0
8-10019328,4,4,0,,0,0,,0,0,,0
8-10039155,2,2,0,,0,0,,0,0,,0
8-10033075,3,3,0,,0,0,,0,0,,0
8-10014402,4,4,0,,0,0,,0,0,,0
8-10012186,4,4,1,2020-10-20T23:49:35Z,3,0,,0,0,,0
8-10021028,3,3,1,2020-10-20T20:47:12Z,1,0,,0,0,,0
808,1,1,0,,0,0,,0,0,,0
8-10007766,1,1,0,,0,0,,0,0,,0
8-10024453,4,4,0,,0,0,,0,0,,0
8-10012856,4,4,1,2020-10-20T21:32:16Z,2,0,,0,0,,0
8-10030605,4,4,1,2020-10-21T01:59:51Z,1,0,,0,0,,0
8-10032601,1,1,0,,0,0,,0,0,,0
8-10012728,3,3,1,2020-10-20T20:47:50Z,1,0,,0,0,,0
8-10036263,2,2,0,,0,0,,0,0,,0
8-10038479,3,3,0,,0,0,,0,0,,0
8-10025981,1,1,0,,0,0,,0,0,,0
8-10050625,2,2,0,,0,0,,0,0,,0
8-10028438,3,3,0,,0,0,,0,0,,0
8-10009025,1,1,1,2020-10-20T20:48:47Z,1,0,,0,0,,0
8-10020287,4,4,0,,0,0,,0,0,,0
8-10027804,4,4,1,2020-10-20T21:50:23Z,1,0,,0,0,,0
8-10008899,1,1,0,,0,0,,0,0,,0
8-10030142,3,3,0,,0,0,,0,0,,0
8-10033632,2,2,1,2020-10-20T20:34:51Z,1,0,,0,0,,0
8-10020162,4,4,1,2020-10-20T20:57:01Z,1,0,,0,0,,0
8-10009035,4,4,0,,0,0,,0,0,,0
467,4,4,0,,0,0,,0,0,,0
8-10043289,4,4,0,,0,0,,0,0,,0
8-10052654,4,4,0,,0,0,,0,0,,0
8-10048638,2,2,0,,0,0,,0,0,,0
8-10020726,4,4,0,,0,0,,0,0,,0
8-10024840,3,3,0,,0,0,,0,0,,0
8-10019212,3,3,1,2020-10-20T23:03:14Z,1,0,,0,0,,0
8-10000018,1,1,0,,0,0,,0,0,,0
8-10047602,4,4,0,,0,0,,0,0,,0
8-10052125,2,2,1,2020-10-20T20:28:48Z,1,0,,0,0,,0
8-10014035,2,2,0,,0,0,,0,0,,0
8-10038524,4,4,0,,0,0,,0,0,,0
8-10024661,1,1,1,2020-10-20T19:53:59Z,1,0,,0,0,,0
8-10027697,1,1,1,2020-10-22T13:27:20Z,1,0,,0,0,,0
8-10021591,1,1,1,2020-10-20T21:21:29Z,1,0,,0,0,,0
8-10021208,1,1,1,2020-10-20T21:55:16Z,2,0,,0,0,,0
8-10019907,4,4,1,2020-10-21T01:09:11Z,1,0,,0,0,,0
1848,1,1,0,,0,0,,0,0,,0
8-10047512,2,2,0,,0,0,,0,0,,0
8-10031950,2,2,0,,0,0,,0,0,,0
8-10052661,3,3,0,,0,0,,0,0,,0
8-10005744,1,1,0,,0,0,,0,0,,0
8-10024863,3,3,1,2020-10-20T20:50:23Z,1,0,,0,0,,0
8-10004166,4,4,0,,0,0,,0,0,,0
704,3,3,0,,0,0,,0,0,,0
8-10053591,1,1,1,2020-10-20T20:18:44Z,2,0,,0,0,,0
853,1,1,0,,0,0,,0,1,2020-10-20T00:00:00Z,1
8-10012366,2,2,0,,0,0,,0,0,,0
8-10007740,2,2,0,,0,0,,0,0,,0
2097,1,1,0,,0,0,,0,0,,0
8-10011280,1,1,0,,0,0,,0,0,,0
8-10051332,1,1,0,,0,0,,0,0,,0
8-10044485,3,3,0,,0,0,,0,0,,0
8-10023464,4,4,0,,0,0,,0,0,,0
8-10053833,1,1,1,2020-10-20T21:24:33Z,2,0,,0,0,,0
8-10024419,3,3,0,,0,0,,0,0,,0
8-10024620,2,2,1,2020-10-20T23:12:53Z,1,0,,0,0,,0
8-10025807,2,2,0,,0,0,,0,0,,0
8-10029358,3,3,1,2020-10-20T20:31:07Z,1,0,,0,0,,0
8-10020683,2,2,0,,0,0,,0,0,,0
8-10039850,4,4,0,,0,0,,0,0,,0
8-10012854,4,4,0,,0,0,,0,0,,0
8-10052664,2,2,0,,0,0,,0,0,,0
8-10039679,3,3,1,2020-10-20T22:56:35Z,1,0,,0,0,,0
1805,2,2,1,2020-10-21T01:30:08Z,1,0,,0,0,,0
8-10041399,4,4,0,,0,0,,0,0,,0
8-10011416,1,1,0,,0,0,,0,0,,0
8-10017769,1,1,0,,0,0,,0,0,,0
8-10034003,1,1,0,,0,0,,0,0,,0
8-10006273,4,4,0,,0,0,,0,0,,0
8-10000053,2,2,0,,0,0,,0,0,,0
8-10041116,2,2,1,2020-10-20T20:16:41Z,1,0,,0,0,,0
8-10028960,1,1,1,2020-10-21T00:39:25Z,1,0,,0,0,,0
366,3,3,0,,0,0,,0,0,,0
8-10028788,4,4,0,,0,0,,0,0,,0
220,2,2,0,,0,0,,0,0,,0
1026,2,2,0,,0,0,,0,0,,0
8-10005286,3,3,0,,0,0,,0,0,,0
8-10013684,2,2,0,,0,0,,0,0,,0
8-10032515,4,4,1,2020-10-20T20:49:04Z,1,0,,0,0,,0
8-10041773,4,4,0,,0,0,,0,0,,0
8-10013755,2,2,0,,0,0,,0,0,,0
8-10049133,2,2,0,,0,0,,0,0,,0
8-10040862,2,2,0,,0,0,,0,0,,0
8-10003595,4,,,,,,,,,,
8-10012642,4,4,1,2020-10-20T21:54:18Z,2,0,,0,0,,0
8-10052643,3,3,1,2020-10-20T22:36:10Z,1,0,,0,0,,0
8-10052633,1,1,0,,0,0,,0,0,,0
8-10042649,4,4,0,,0,0,,0,0,,0
1438,3,3,0,,0,0,,0,1,2020-10-20T00:00:00Z,1
1454,3,3,1,2020-10-20T20:29:54Z,1,0,,0,0,,0
8-10040204,4,4,0,,0,0,,0,0,,0
8-10031516,2,2,0,,0,0,,0,0,,0
8-10024475,4,4,0,,0,0,,0,0,,0
8-10015575,1,1,0,,0,0,,0,0,,0
8-10019796,2,2,0,,0,0,,0,0,,0
8-10025312,4,4,0,,0,0,,0,0,,0
8-10053788,2,2,0,,0,0,,0,0,,0
8-10038784,3,3,0,,0,0,,0,0,,0
8-10028909,4,4,1,2020-10-20T22:20:09Z,3,0,,0,0,,0
8-10047674,4,4,0,,0,0,,0,0,,0
8-10041298,2,2,1,2020-10-20T20:20:12Z,1,0,,0,0,,0
8-10031523,3,3,1,2020-10-20T20:52:03Z,3,1,2020-10-20T20:53:06Z,6,0,,0
8-10027993,1,1,1,2020-10-22T05:08:15Z,1,0,,0,0,,0
8-10047577,2,,,,,,,,,,
8-10005669,1,1,0,,0,0,,0,0,,0
8-10033084,1,1,0,,0,0,,0,0,,0
8-10040081,3,3,1,2020-10-20T21:11:51Z,1,0,,0,0,,0
8-10013525,2,2,0,,0,0,,0,0,,0
8-10007747,2,2,0,,0,0,,0,0,,0
8-10027495,3,3,0,,0,0,,0,0,,0
8-10031969,3,3,0,,0,0,,0,0,,0
8-10045585,3,3,1,2020-10-22T05:22:02Z,1,0,,0,0,,0
8-10020671,3,3,0,,0,0,,0,0,,0
8-10047499,3,3,0,,0,0,,0,0,,0
8-10021336,2,2,0,,0,0,,0,0,,0
8-10003592,3,3,0,,0,0,,0,0,,0
868,2,2,0,,0,0,,0,0,,0
8-10013193,3,3,0,,0,0,,0,0,,0
8-10032573,4,4,1,2020-10-20T21:57:03Z,1,0,,0,0,,0
8-10025972,4,4,0,,0,0,,0,0,,0
8-10020672,2,2,0,,0,0,,0,0,,0
8-10036669,1,1,0,,0,0,,0,0,,0
8-10021268,3,3,0,,0,0,,0,0,,0
8-10019239,2,2,0,,0,0,,0,0,,0
8-10035566,1,1,0,,0,0,,0,0,,0
8-10011734,3,3,0,,0,0,,0,0,,0
8-10049815,1,1,1,2020-10-21T03:31:11Z,1,0,,0,0,,0
8-10005741,2,2,0,,0,0,,0,0,,0
8-10052693,2,2,0,,0,0,,0,0,,0
115,2,2,1,2020-10-20T20:15:23Z,1,0,,0,0,,0
8-10023401,2,2,0,,0,0,,0,0,,0
8-10040822,4,4,0,,0,0,,0,0,,0
8-10038633,2,2,0,,0,0,,0,0,,0
8-10044755,1,1,0,,0,0,,0,0,,0
8-10034765,1,1,0,,0,0,,0,0,,0
8-10007810,3,3,0,,0,0,,0,0,,0
8-10034206,1,1,0,,0,0,,0,0,,0
1838,2,2,0,,0,0,,0,0,,0
8-10005633,4,4,1,2020-10-20T21:16:19Z,2,0,,0,0,,0
8-10031108,2,2,0,,0,0,,0,0,,0
8-10038809,3,3,0,,0,0,,0,0,,0
8-10028851,1,1,1,2020-10-21T01:13:25Z,2,0,,0,0,,0
8-10005557,3,3,0,,0,0,,0,0,,0
8-10032246,3,3,0,,0,0,,0,0,,0
8-10048572,2,2,0,,0,0,,0,0,,0
8-10053017,3,3,1,2020-10-20T22:07:02Z,27,0,,0,0,,0
8-10041167,4,4,0,,0,0,,0,0,,0
8-10018181,2,2,0,,0,0,,0,0,,0
8-10047150,3,3,0,,0,0,,0,0,,0
8-10003744,4,4,0,,0,0,,0,0,,0
336,2,2,0,,0,0,,0,0,,0
8-10036385,1,1,0,,0,0,,0,1,2020-10-20T00:00:00Z,1
8-10014456,3,3,0,,0,0,,0,0,,0
8-10052706,2,2,0,,0,0,,0,0,,0
8-10013965,4,4,0,,0,0,,0,0,,0
8-10026930,1,1,0,,0,0,,0,0,,0
8-10003839,1,1,0,,0,0,,0,0,,0
8-10052458,4,4,0,,0,0,,0,0,,0
8-10033338,3,3,0,,0,0,,0,0,,0
8-10016464,4,4,1,2020-10-20T20:49:04Z,1,0,,0,0,,0
8-10022310,2,2,0,,0,0,,0,0,,0
8-10005655,4,4,1,2020-10-21T15:32:23Z,1,0,,0,0,,0
8-10025891,4,4,0,,0,0,,0,0,,0
8-10014184,1,1,1,2020-10-22T19:00:00Z,1,0,,0,0,,0
8-10020951,1,1,1,2020-10-20T19:54:22Z,1,0,,0,0,,0
8-10052712,1,1,1,2020-10-21T01:22:06Z,1,0,,0,0,,0
8-10027390,1,1,0,,0,0,,0,0,,0
8-10052583,1,1,0,,0,0,,0,0,,0
8-10020092,3,3,0,,0,0,,0,1,2020-10-20T00:00:00Z,1
8-10023056,1,1,1,2020-10-20T20:37:50Z,1,0,,0,0,,0
8-10052711,3,3,0,,0,0,,0,0,,0
8-10046957,2,2,1,2020-10-20T20:50:07Z,1,0,,0,0,,0
8-10053547,1,1,0,,0,0,,0,0,,0
8-10035567,3,3,0,,0,0,,0,0,,0
8-10052681,4,4,0,,0,0,,0,0,,0
8-10025440,4,4,0,,0,0,,0,0,,0
8-10053684,3,3,0,,0,0,,0,0,,0
8-10046298,2,2,0,,0,0,,0,0,,0
8-10028462,3,3,1,2020-10-21T00:49:41Z,2,0,,0,0,,0
8-10052602,1,1,0,,0,0,,0,1,2020-10-20T00:00:00Z,1
8-10039223,4,4,0,,0,0,,0,0,,0
8-10018964,2,2,0,,0,0,,0,1,2020-10-20T00:00:00Z,1
8-10046110,3,3,0,,0,0,,0,0,,0
8-10014339,3,3,0,,0,0,,0,0,,0
8-10019245,4,4,0,,0,0,,0,1,2020-10-20T00:00:00Z,1
8-10023656,3,3,0,,0,0,,0,0,,0
8-10023331,1,1,0,,0,0,,0,0,,0
8-10052758,4,4,0,,0,0,,0,0,,0
8-10026059,1,1,0,,0,0,,0,0,,0
8-10032393,3,3,0,,0,0,,0,0,,0
8-10021040,2,2,0,,0,0,,0,0,,0
8-10021294,4,4,1,2020-10-20T21:42:54Z,2,0,,0,0,,0
8-10052725,3,3,0,,0,0,,0,0,,0
8-10019213,3,3,0,,0,0,,0,0,,0
8-10047061,4,4,0,,0,0,,0,0,,0
8-10004993,3,3,0,,0,0,,0,0,,0
8-10053418,4,4,0,,0,0,,0,0,,0
8-10030464,2,2,1,2020-10-20T21:05:18Z,1,0,,0,0,,0
8-10039896,2,2,0,,0,0,,0,0,,0
881,2,2,1,2020-10-21T03:19:55Z,2,0,,0,0,,0
8-10031998,3,3,0,,0,0,,0,0,,0
8-10018806,2,2,0,,0,0,,0,0,,0
8-10040058,1,1,1,2020-10-20T20:19:20Z,1,0,,0,0,,0
8-10051944,3,3,1,2020-10-20T20:30:03Z,2,0,,0,0,,0
8-10004088,3,3,1,2020-10-20T20:30:02Z,1,0,,0,0,,0
8-10032749,4,4,0,,0,0,,0,0,,0
8-10028471,1,1,0,,0,0,,0,0,,0
8-10006022,3,3,0,,0,0,,0,0,,0
8-10052776,1,1,0,,0,0,,0,0,,0
8-10052736,4,4,1,2020-10-21T04:03:50Z,2,0,,0,0,,0
8-10035975,3,3,0,,0,0,,0,0,,0
8-10044078,4,4,0,,0,0,,0,0,,0
8-10023088,4,4,0,,0,0,,0,0,,0
8-10022320,1,1,1,2020-10-20T19:53:55Z,1,0,,0,0,,0
8-10013491,1,1,1,2020-10-20T19:58:16Z,1,0,,0,0,,0
8-10016154,3,3,0,,0,0,,0,0,,0
8-10052746,2,2,0,,0,0,,0,0,,0
8-10018005,1,1,0,,0,0,,0,0,,0
8-10050568,1,1,0,,0,0,,0,1,2020-10-20T00:00:00Z,1
8-10017173,1,1,1,2020-10-24T11:38:48Z,1,0,,0,0,,0
8-10027501,3,3,0,,0,0,,0,0,,0
8-10023319,2,2,1,2020-10-20T20:29:55Z,1,0,,0,0,,0
8-10014564,4,4,0,,0,0,,0,0,,0
8-10022158,4,4,0,,0,0,,0,1,2020-10-20T00:00:00Z,1
8-10027789,4,4,0,,0,0,,0,0,,0
8-10032507,1,1,0,,0,0,,0,0,,0
8-10012754,1,1,0,,0,0,,0,0,,0
8-10023194,1,1,0,,0,0,,0,0,,0
8-10042204,3,3,1,2020-10-21T21:44:20Z,2,0,,0,0,,0
8-10028192,1,1,0,,0,0,,0,0,,0
8-10006144,1,1,0,,0,0,,0,1,2020-10-23T00:00:00Z,1
8-10023104,4,4,0,,0,0,,0,0,,0
8-10032009,4,4,0,,0,0,,0,0,,0
8-10026594,3,3,0,,0,0,,0,0,,0
8-10023871,2,2,1,2020-10-20T21:14:55Z,1,0,,0,0,,0
8-10050097,4,4,0,,0,0,,0,1,2020-10-20T00:00:00Z,1
8-10032010,3,3,1,2020-10-21T11:21:26Z,1,0,,0,0,,0
8-10029334,3,3,0,,0,0,,0,0,,0
8-10047627,4,4,0,,0,0,,0,0,,0
8-10039110,2,2,0,,0,0,,0,0,,0
8-10015572,3,3,0,,0,0,,0,0,,0
8-10038411,3,3,0,,0,0,,0,1,2020-10-20T00:00:00Z,1
8-10032012,4,4,0,,0,0,,0,0,,0
8-10049990,2,2,1,2020-10-20T20:15:28Z,1,0,,0,0,,0
8-10038838,4,4,0,,0,0,,0,0,,0
8-10023359,3,,,,,,,,,,
8-10032013,2,2,0,,0,0,,0,0,,0
8-10052240,3,3,0,,0,0,,0,0,,0
8-10028607,1,1,1,2020-10-20T21:02:34Z,1,0,,0,0,,0
8-10030662,3,3,0,,0,0,,0,0,,0
8-10038948,2,2,1,2020-10-20T20:43:27Z,1,0,,0,0,,0
8-10037250,2,2,0,,0,0,,0,0,,0
8-10021792,1,1,1,2020-10-20T20:28:40Z,1,0,,0,0,,0
1257,1,1,1,2020-10-21T00:06:06Z,5,0,,0,0,,0
8-10028633,2,2,0,,0,0,,0,0,,0
8-10004610,2,2,0,,0,0,,0,0,,0
8-10038361,4,4,0,,0,0,,0,0,,0
8-10030555,4,4,0,,0,0,,0,0,,0
8-10048413,1,1,0,,0,0,,0,0,,0
8-10030587,2,2,0,,0,0,,0,0,,0
8-10034009,1,1,0,,0,0,,0,1,2020-10-20T00:00:00Z,1
8-10029245,1,1,0,,0,0,,0,0,,0
8-10012445,3,3,0,,0,0,,0,0,,0
8-10028389,3,3,0,,0,0,,0,0,,0
8-10019674,2,2,0,,0,0,,0,0,,0
8-10008979,4,4,0,,0,0,,0,0,,0
8-10026810,2,2,0,,0,0,,0,0,,0
8-10012000,4,4,0,,0,0,,0,0,,0
8-10052778,4,4,0,,0,0,,0,0,,0
8-10017993,4,4,0,,0,0,,0,0,,0
8-10005373,4,4,0,,0,0,,0,0,,0
8-10047988,2,2,1,2020-10-20T20:23:13Z,1,0,,0,0,,0
738,3,3,0,,0,0,,0,0,,0
8-10019160,4,4,1,2020-10-20T21:05:46Z,1,0,,0,0,,0
8-10019656,4,4,0,,0,0,,0,0,,0
8-10012432,4,4,0,,0,0,,0,0,,0
197,4,4,0,,0,0,,0,1,2020-10-20T00:00:00Z,1
8-10005943,3,3,0,,0,0,,0,0,,0
8-10011374,4,4,1,2020-10-20T21:14:57Z,1,0,,0,0,,0
8-10004843,1,1,0,,0,0,,0,0,,0
8-10020184,1,1,0,,0,0,,0,0,,0
8-10020607,2,2,1,2020-10-20T23:54:06Z,1,0,,0,0,,0
8-10018888,2,2,0,,0,0,,0,0,,0
8-10005318,4,4,0,,0,0,,0,0,,0
8-10019866,3,3,0,,0,0,,0,0,,0
8-10011858,2,2,0,,0,0,,0,1,2020-10-20T00:00:00Z,1
8-10022544,1,1,0,,0,0,,0,1,2020-10-20T00:00:00Z,1
8-10024159,3,3,0,,0,0,,0,1,2020-10-20T00:00:00Z,1
8-10040587,3,3,0,,0,0,,0,0,,0
8-10023398,4,4,0,,0,0,,0,0,,0
8-10032241,2,2,0,,0,0,,0,0,,0
8-10012644,2,2,1,2020-10-20T20:21:43Z,1,0,,0,0,,0
8-10020956,3,3,1,2020-10-20T20:41:41Z,2,0,,0,0,,0
8-10007714,4,4,0,,0,0,,0,0,,0
8-10041111,2,2,1,2020-10-20T20:23:52Z,4,0,,0,0,,0
8-10018072,1,1,1,2020-10-20T20:12:04Z,1,0,,0,0,,0
143,3,3,1,2020-10-20T21:54:58Z,1,0,,0,0,,0
8-10032232,3,3,0,,0,0,,0,0,,0
8-10014856,4,4,0,,0,0,,0,0,,0
8-10033494,2,2,0,,0,0,,0,1,2020-10-20T00:00:00Z,1
2162,1,1,1,2020-10-20T21:04:15Z,2,0,,0,0,,0
8-10052792,3,3,0,,0,0,,0,1,2020-10-23T00:00:00Z,1
8-10045637,4,4,0,,0,0,,0,0,,0
8-10041424,1,1,0,,0,0,,0,0,,0
8-10020948,2,2,0,,0,0,,0,0,,0
8-10030075,2,2,1,2020-10-20T20:25:49Z,1,0,,0,0,,0
8-10020471,1,1,0,,0,0,,0,0,,0
45,1,1,0,,0,0,,0,0,,0
1962,4,4,0,,0,0,,0,1,2020-10-20T00:00:00Z,1
8-10040028,1,1,0,,0,0,,0,0,,0
8-10020278,2,2,0,,0,0,,0,0,,0
8-10035637,4,4,0,,0,0,,0,0,,0
8-10023697,2,2,0,,0,0,,0,0,,0
8-10024353,2,2,0,,0,0,,0,0,,0
8-10026536,4,4,0,,0,0,,0,0,,0
8-10015958,4,4,0,,0,0,,0,0,,0
8-10005195,4,4,0,,0,0,,0,0,,0
8-10019630,2,2,1,2020-10-21T00:12:19Z,1,0,,0,0,,0
8-10052728,2,2,0,,0,0,,0,0,,0
8-10028083,3,3,0,,0,0,,0,0,,0
8-10018210,1,1,0,,0,0,,0,0,,0
8-10003846,4,4,1,2020-10-20T21:18:34Z,1,0,,0,0,,0
8-10052779,3,3,0,,0,0,,0,0,,0
8-10050946,1,1,1,2020-10-20T19:59:49Z,4,0,,0,0,,0
8-10032838,4,4,0,,0,0,,0,0,,0
8-10022818,3,3,0,,0,0,,0,0,,0
8-10014492,4,4,0,,0,0,,0,0,,0
8-10052117,1,1,1,2020-10-20T22:06:00Z,2,0,,0,0,,0
8-10026229,4,4,0,,0,0,,0,0,,0
8-10030396,4,4,0,,0,0,,0,0,,0
8-10028696,1,1,1,2020-10-20T20:59:02Z,2,0,,0,0,,0
8-10022574,4,4,0,,0,0,,0,0,,0
8-10019905,3,3,0,,0,0,,0,0,,0
8-10027616,2,2,0,,0,0,,0,0,,0
8-10012039,4,4,0,,0,0,,0,1,2020-10-20T00:00:00Z,1
8-10005449,4,4,0,,0,0,,0,1,2020-10-20T00:00:00Z,1
8-10035406,2,2,1,2020-10-20T20:44:09Z,2,0,,0,0,,0
8-10018858,4,4,0,,0,0,,0,0,,0
8-10026985,3,3,1,2020-10-21T00:28:44Z,1,0,,0,0,,0
8-10023158,4,4,0,,0,0,,0,0,,0
8-10028110,4,4,0,,0,0,,0,0,,0
8-10044440,2,2,0,,0,0,,0,1,2020-10-20T00:00:00Z,1
8-10050515,2,2,1,2020-10-20T20:24:30Z,2,0,,0,0,,0
8-10013482,1,1,0,,0,0,,0,0,,0
8-10043517,4,4,0,,0,0,,0,0,,0
8-10051621,4,,,,,,,,,,
8-10033259,3,3,1,2020-10-20T21:14:27Z,1,0,,0,0,,0
8-10019984,4,4,1,2020-10-21T00:30:06Z,1,0,,0,0,,0
8-10011386,1,1,0,,0,0,,0,0,,0
8-10017123,3,3,1,2020-10-20T22:27:18Z,1,0,,0,0,,0
8-10039183,4,4,0,,0,0,,0,0,,0
8-10053771,3,3,1,2020-10-21T03:55:03Z,1,0,,0,0,,0
8-10043788,4,4,0,,0,0,,0,0,,0
8-10019948,3,3,0,,0,0,,0,0,,0
8-10018385,4,4,0,,0,0,,0,0,,0
8-10052810,3,3,0,,0,0,,0,0,,0
8-10048922,2,2,0,,0,0,,0,0,,0
8-10019858,3,3,0,,0,0,,0,0,,0
8-10052335,1,1,0,,0,0,,0,0,,0
8-10031462,3,3,1,2020-10-21T03:02:24Z,2,0,,0,0,,0
8-10005186,2,2,1,2020-10-20T20:22:42Z,1,0,,0,0,,0
8-10053868,3,3,1,2020-10-20T21:17:50Z,1,0,,0,0,,0
8-10035563,1,1,0,,0,0,,0,0,,0
2331,4,4,1,2020-10-20T21:21:20Z,1,0,,0,0,,0
8-10013799,4,4,0,,0,0,,0,1,2020-10-20T00:00:00Z,1
8-10027131,3,3,0,,0,0,,0,0,,0
8-10041444,2,2,0,,0,0,,0,0,,0
8-10033402,4,4,0,,0,0,,0,0,,0
8-10043731,4,4,0,,0,0,,0,0,,0
8-10005902,2,2,0,,0,0,,0,0,,0
8-10046845,4,4,0,,0,0,,0,0,,0
8-10021767,3,3,1,2020-10-20T20:33:55Z,2,0,,0,0,,0
8-10030992,1,1,0,,0,0,,0,0,,0
8-10030470,2,2,1,2020-10-20T21:18:05Z,1,0,,0,0,,0
8-10040884,4,4,0,,0,0,,0,0,,0
8-10005786,3,3,0,,0,0,,0,0,,0
8-10017313,2,2,1,2020-10-20T22:50:37Z,1,0,,0,0,,0
8-10049639,2,2,1,2020-10-20T20:18:24Z,1,0,,0,0,,0
8-10036505,2,2,0,,0,0,,0,1,2020-10-23T00:00:00Z,1
8-10032039,2,2,0,,0,0,,0,0,,0
8-10005317,2,2,0,,0,0,,0,0,,0
8-10032040,2,2,0,,0,0,,0,0,,0
8-10032212,4,4,0,,0,0,,0,0,,0
8-10023616,4,4,0,,0,0,,0,0,,0
8-10049156,3,3,0,,0,0,,0,0,,0
8-10035644,3,3,0,,0,0,,0,0,,0
8-10052828,4,4,1,2020-10-20T22:41:52Z,1,0,,0,0,,0
8-10007879,3,3,1,2020-10-20T21:04:38Z,1,0,,0,0,,0
8-10041479,4,4,0,,0,0,,0,0,,0
8-10032042,4,4,0,,0,0,,0,0,,0
8-10033797,2,2,0,,0,0,,0,0,,0
8-10026114,3,3,1,2020-10-20T20:50:31Z,1,0,,0,0,,0
8-10003850,4,4,1,2020-10-20T20:49:05Z,2,0,,0,0,,0
8-10022416,1,1,0,,0,0,,0,1,2020-10-20T00:00:00Z,1
8-10013662,2,2,0,,0,0,,0,0,,0
8-10032046,2,2,0,,0,0,,0,1,2020-10-20T00:00:00Z,1
8-10040556,3,3,1,2020-10-21T09:10:37Z,1,0,,0,0,,0
8-10001707,2,2,1,2020-10-20T20:19:57Z,1,0,,0,0,,0
8-10031375,4,4,0,,0,0,,0,0,,0
8-10019337,3,3,0,,0,0,,0,1,2020-10-20T00:00:00Z,1
8-10043785,3,3,0,,0,0,,0,0,,0
8-10041662,1,1,0,,0,0,,0,0,,0
8-10037101,1,1,0,,0,0,,0,0,,0
1468,2,2,0,,0,0,,0,0,,0
8-10052878,3,3,0,,0,0,,0,0,,0
8-10021451,2,2,0,,0,0,,0,0,,0
8-10044258,1,1,1,2020-10-20T19:53:56Z,1,0,,0,0,,0
8-10036410,1,1,0,,0,0,,0,0,,0
8-10046913,1,1,1,2020-10-21T01:52:12Z,2,0,,0,0,,0
8-10004988,4,4,1,2020-10-20T20:51:55Z,1,0,,0,0,,0
8-10042406,3,3,0,,0,0,,0,0,,0
327,4,4,0,,0,0,,0,0,,0
8-10043276,2,2,0,,0,0,,0,0,,0
8-10032051,3,3,0,,0,0,,0,0,,0
8-10020017,3,3,0,,0,0,,0,0,,0
8-10027531,2,2,0,,0,0,,0,0,,0
8-10051565,1,1,0,,0,0,,0,0,,0
8-10011519,2,2,0,,0,0,,0,0,,0
8-10026514,2,2,1,2020-10-20T21:23:47Z,1,0,,0,0,,0
8-10052136,1,1,0,,0,0,,0,0,,0
8-10032053,1,1,0,,0,0,,0,0,,0
8-10046154,3,3,1,2020-10-20T21:08:48Z,1,0,,0,0,,0
8-10023888,3,3,0,,0,0,,0,0,,0
8-10032403,2,2,0,,0,0,,0,0,,0
8-10024088,3,3,0,,0,0,,0,0,,0
8-10045580,2,2,0,,0,0,,0,0,,0
8-10049467,4,4,1,2020-10-20T22:58:35Z,1,0,,0,0,,0
8-10005725,2,2,1,2020-10-21T19:26:18Z,1,0,,0,0,,0
692,3,3,0,,0,0,,0,0,,0
8-10044367,2,,,,,,,,,,
8-10035918,2,2,0,,0,0,,0,0,,0
8-10032344,4,4,0,,0,0,,0,0,,0
8-10041502,2,2,0,,0,0,,0,0,,0
8-10022012,2,2,0,,0,0,,0,0,,0
8-10013226,4,4,0,,0,0,,0,0,,0
8-10033249,3,3,0,,0,0,,0,1,2020-10-20T00:00:00Z,1
8-10034473,2,2,0,,0,0,,0,0,,0
8-10036586,3,3,1,2020-10-21T03:37:00Z,1,0,,0,0,,0
8-10022930,2,2,0,,0,0,,0,0,,0
8-10026736,1,1,0,,0,0,,0,0,,0
8-10053497,1,1,0,,0,0,,0,0,,0
8-10021918,3,3,0,,0,0,,0,0,,0
8-10039497,2,2,1,2020-10-27T17:10:52Z,1,0,,0,0,,0
8-10020361,4,4,1,2020-10-20T20:54:33Z,3,0,,0,0,,0
8-10004797,2,2,0,,0,0,,0,0,,0
8-10018122,1,1,0,,0,0,,0,0,,0
8-10050401,4,4,0,,0,0,,0,0,,0
8-10003564,2,2,0,,0,0,,0,0,,0
8-10030022,2,2,0,,0,0,,0,0,,0
8-10049515,3,3,0,,0,0,,0,0,,0
1520,1,1,0,,0,0,,0,0,,0
8-10021065,2,2,0,,0,0,,0,0,,0
493,1,1,0,,0,0,,0,0,,0
8-10044384,1,1,0,,0,0,,0,0,,0
8-10006078,2,2,1,2020-10-20T23:30:42Z,1,0,,0,0,,0
8-10020736,4,4,0,,0,0,,0,0,,0
8-10039565,2,2,1,2020-10-20T21:12:30Z,1,0,,0,0,,0
8-10019427,1,1,0,,0,0,,0,0,,0
8-10020479,3,3,0,,0,0,,0,0,,0
8-10017854,4,4,0,,0,0,,0,0,,0
8-10003938,2,2,0,,0,0,,0,0,,0
8-10032067,3,3,0,,0,0,,0,0,,0
8-10040737,2,2,0,,0,0,,0,0,,0
8-10009029,3,3,0,,0,0,,0,1,2020-10-20T00:00:00Z,1
8-10017883,2,2,1,2020-10-20T21:35:57Z,1,0,,0,0,,0
8-10017393,4,4,0,,0,0,,0,0,,0
8-10004574,1,1,0,,0,0,,0,0,,0
8-10025820,1,1,0,,0,0,,0,0,,0
8-10005790,4,4,0,,0,0,,0,0,,0
8-10020151,2,2,0,,0,0,,0,0,,0
8-10040469,4,4,0,,0,0,,0,0,,0
8-10021795,2,2,0,,0,0,,0,0,,0
8-10004631,1,1,0,,0,0,,0,0,,0
8-10004293,2,2,0,,0,0,,0,0,,0
8-10047391,3,3,0,,0,0,,0,0,,0
8-10047451,3,3,0,,0,0,,0,0,,0
8-10033805,2,2,1,2020-10-20T20:53:38Z,1,0,,0,0,,0
8-10049894,4,4,1,2020-10-20T23:42:01Z,2,0,,0,0,,0
8-10031059,1,1,0,,0,0,,0,0,,0
8-10012282,2,2,0,,0,0,,0,0,,0
8-10032071,2,2,0,,0,0,,0,0,,0
8-10012021,1,1,0,,0,0,,0,0,,0
8-10049686,3,3,0,,0,0,,0,0,,0
8-10014126,3,3,0,,0,0,,0,0,,0
8-10022699,2,2,0,,0,0,,0,0,,0
2137,1,,,,,,,,,,
8-10025677,1,1,0,,0,0,,0,0,,0
8-10036990,2,2,0,,0,0,,0,0,,0
8-10052735,2,2,0,,0,0,,0,0,,0
8-10011559,1,1,0,,0,0,,0,0,,0
8-10022442,3,3,0,,0,0,,0,0,,0
8-10035191,1,1,0,,0,0,,0,0,,0
8-10027315,3,3,0,,0,0,,0,0,,0
8-10004885,2,2,0,,0,0,,0,0,,0
8-10006056,3,3,0,,0,0,,0,0,,0
8-10012619,1,1,0,,0,0,,0,0,,0
8-10032237,2,2,0,,0,0,,0,0,,0
2001,1,1,0,,0,0,,0,0,,0
8-10024052,2,2,1,2020-10-21T14:54:47Z,1,0,,0,0,,0
8-10022861,4,4,0,,0,0,,0,0,,0
717,1,1,1,2020-10-20T20:46:47Z,1,0,,0,0,,0
8-10025287,1,1,1,2020-10-20T20:39:54Z,1,0,,0,0,,0
8-10041882,3,3,0,,0,0,,0,0,,0
8-10036144,4,4,0,,0,0,,0,0,,0
8-10020065,4,4,0,,0,0,,0,0,,0
8-10024123,1,1,1,2020-10-20T19:53:54Z,1,0,,0,0,,0
8-10037162,4,4,0,,0,0,,0,0,,0
8-10036489,4,4,1,2020-10-20T21:09:09Z,1,0,,0,0,,0
8-10028616,1,1,0,,0,0,,0,0,,0
8-10052877,4,4,0,,0,0,,0,0,,0
8-10027891,1,1,0,,0,0,,0,0,,0
8-10039035,1,1,0,,0,0,,0,0,,0
8-10031475,4,4,0,,0,0,,0,0,,0
8-10043001,1,1,0,,0,0,,0,0,,0
8-10028847,1,1,0,,0,0,,0,0,,0
1507,2,2,0,,0,0,,0,1,2020-10-20T00:00:00Z,1
8-10032312,1,1,0,,0,0,,0,0,,0
8-10021019,1,1,0,,0,0,,0,0,,0
8-10022668,4,4,0,,0,0,,0,0,,0
8-10022937,2,2,0,,0,0,,0,0,,0
8-10005899,1,1,0,,0,0,,0,1,2020-10-20T00:00:00Z,1
8-10005405,2,2,0,,0,0,,0,0,,0
8-10017261,4,4,1,2020-10-20T21:48:51Z,1,0,,0,0,,0
8-10032258,4,4,0,,0,0,,0,0,,0
8-10052913,4,4,0,,0,0,,0,0,,0
8-10005206,4,4,0,,0,0,,0,0,,0
8-10052336,2,2,1,2020-10-20T20:53:52Z,1,0,,0,0,,0
8-10040438,3,3,0,,0,0,,0,0,,0
8-10012199,4,4,1,2020-10-20T20:49:06Z,1,0,,0,0,,0
8-10032083,4,4,0,,0,0,,0,0,,0
8-10023650,3,3,0,,0,0,,0,0,,0
8-10021747,2,2,0,,0,0,,0,1,2020-10-20T00:00:00Z,1
8-10041881,4,4,0,,0,0,,0,0,,0
8-10017585,4,4,1,2020-10-20T21:12:20Z,1,0,,0,0,,0
8-10012381,3,3,0,,0,0,,0,0,,0
8-10016165,3,3,1,2020-10-21T16:14:24Z,1,0,,0,0,,0
8-10019558,1,1,1,2020-10-20T19:53:55Z,2,0,,0,0,,0
8-10034283,4,4,0,,0,0,,0,0,,0
8-10045935,2,2,0,,0,0,,0,1,2020-10-20T00:00:00Z,1
8-10032338,3,3,0,,0,0,,0,0,,0
8-10032321,1,1,0,,0,0,,0,0,,0
8-10052506,4,4,1,2020-10-20T20:49:13Z,1,0,,0,0,,0
8-10042271,3,3,0,,0,0,,0,0,,0
8-10033962,2,2,1,2020-10-20T21:46:10Z,1,0,,0,0,,0
1630,3,3,0,,0,0,,0,0,,0
8-10027454,1,1,1,2020-10-20T23:40:19Z,3,0,,0,0,,0
8-10005773,1,1,1,2020-10-20T19:53:55Z,1,0,,0,0,,0
8-10052906,1,1,0,,0,0,,0,0,,0
8-10013677,1,1,0,,0,0,,0,0,,0
8-10048494,3,3,1,2020-10-20T20:30:43Z,1,0,,0,0,,0
8-10036229,4,4,1,2020-10-27T15:08:59Z,1,0,,0,0,,0
8-10041412,4,4,1,2020-10-20T20:57:40Z,1,0,,0,0,,0
8-10040563,3,3,1,2020-10-20T21:06:54Z,3,0,,0,0,,0
8-10012096,2,2,1,2020-10-20T23:01:55Z,1,0,,0,0,,0
8-10012876,4,4,0,,0,0,,0,0,,0
8-10005147,2,2,1,2020-10-21T02:01:13Z,1,0,,0,0,,0
8-10038814,1,1,0,,0,0,,0,0,,0
8-10053107,3,3,0,,0,0,,0,0,,0
8-10003563,1,1,0,,0,0,,0,0,,0
8-10040147,3,3,0,,0,0,,0,0,,0
8-10014267,4,4,0,,0,0,,0,0,,0
8-10043714,1,1,1,2020-10-20T21:14:46Z,1,0,,0,0,,0
8-10018722,1,1,0,,0,0,,0,0,,0
8-10032369,4,4,1,2020-10-20T21:42:12Z,6,0,,0,0,,0
8-10052907,3,3,0,,0,0,,0,0,,0
8-10004285,1,1,0,,0,0,,0,1,2020-10-20T00:00:00Z,1
8-10005699,1,1,0,,0,0,,0,0,,0
8-10022358,2,2,0,,0,0,,0,0,,0
8-10033302,1,1,0,,0,0,,0,0,,0
8-10013033,3,3,0,,0,0,,0,0,,0
8-10052922,1,1,1,2020-10-21T13:44:46Z,1,0,,0,0,,0
8-10021810,2,2,0,,0,0,,0,0,,0
8-10018186,3,3,0,,0,0,,0,0,,0
8-10032288,3,3,0,,0,0,,0,1,2020-10-20T00:00:00Z,1
8-10052925,1,1,0,,0,0,,0,0,,0
8-10020755,1,1,0,,0,0,,0,0,,0
8-10048874,1,1,0,,0,0,,0,0,,0
8-10019069,4,4,0,,0,0,,0,0,,0
8-10019939,4,4,0,,0,0,,0,0,,0
8-10026891,2,2,0,,0,0,,0,0,,0
8-10011521,1,1,0,,0,0,,0,0,,0
8-10023222,1,1,1,2020-10-21T00:57:52Z,2,0,,0,0,,0
571,2,2,0,,0,0,,0,0,,0
8-10014049,1,1,0,,0,0,,0,0,,0
8-10024471,4,4,0,,0,0,,0,0,,0
8-10012641,2,2,1,2020-10-20T20:16:51Z,1,0,,0,0,,0
8-10017043,3,,,,,,,,,,
8-10053704,3,3,0,,0,0,,0,0,,0
8-10013502,3,3,0,,0,0,,0,0,,0
8-10030634,4,4,0,,0,0,,0,0,,0
8-10052940,3,3,0,,0,0,,0,1,2020-10-20T00:00:00Z,1
8-10052948,2,2,1,2020-10-20T20:25:23Z,2,0,,0,0,,0
8-10034585,3,3,0,,0,0,,0,0,,0
8-10027240,4,4,0,,0,0,,0,0,,0
8-10036518,2,2,1,2020-10-20T20:51:19Z,3,0,,0,0,,0
8-10005180,1,1,0,,0,0,,0,0,,0
8-10052954,2,2,0,,0,0,,0,0,,0
8-10030384,4,4,0,,0,0,,0,0,,0
8-10025496,1,1,0,,0,0,,0,0,,0
8-10016643,4,4,0,,0,0,,0,0,,0
8-10052933,4,4,0,,0,0,,0,0,,0
8-10019334,3,3,1,2020-10-21T18:11:54Z,1,0,,0,0,,0
8-10010148,1,1,1,2020-10-20T20:30:09Z,1,0,,0,0,,0
8-10040600,2,2,1,2020-10-21T09:00:55Z,2,0,,0,0,,0
8-10053874,4,4,0,,0,0,,0,0,,0
8-10022947,3,3,1,2020-10-21T19:20:11Z,3,0,,0,0,,0
8-10050455,2,2,0,,0,0,,0,0,,0
723,3,3,0,,0,0,,0,0,,0
8-10022677,1,1,0,,0,0,,0,0,,0
8-10018965,2,2,0,,0,0,,0,0,,0
2293,3,3,1,2020-10-23T16:40:31Z,1,0,,0,0,,0
8-10022482,4,4,0,,0,0,,0,0,,0
8-10010117,4,4,0,,0,0,,0,0,,0
8-10032113,4,4,0,,0,0,,0,0,,0
8-10020749,3,3,1,2020-10-21T00:08:43Z,1,0,,0,0,,0
8-10034903,4,4,0,,0,0,,0,0,,0
8-10046315,1,1,0,,0,0,,0,0,,0
617,1,1,0,,0,0,,0,0,,0
8-10019887,3,3,1,2020-10-21T01:37:54Z,1,0,,0,0,,0
8-10052999,2,2,0,,0,0,,0,0,,0
8-10025907,4,4,0,,0,0,,0,0,,0
8-10030803,2,2,1,2020-10-21T02:22:13Z,1,0,,0,0,,0
8-10052960,2,2,1,2020-10-21T06:15:20Z,1,0,,0,0,,0
8-10014052,3,3,0,,0,0,,0,0,,0
8-10035654,2,2,1,2020-10-22T17:17:01Z,1,0,,0,0,,0
8-10032115,2,2,0,,0,0,,0,0,,0
8-10026033,1,1,0,,0,0,,0,0,,0
8-10031623,3,3,0,,0,0,,0,0,,0
8-10004877,1,1,1,2020-10-21T07:06:29Z,1,0,,0,0,,0
8-10049837,4,4,1,2020-10-21T11:20:42Z,1,0,,0,0,,0
8-10030154,2,2,0,,0,0,,0,0,,0
8-10024400,3,3,0,,0,0,,0,0,,0
8-10025898,2,2,0,,0,0,,0,0,,0
8-10041887,2,2,1,2020-10-20T21:50:31Z,1,0,,0,0,,0
8-10024719,1,1,0,,0,0,,0,0,,0
8-10048608,3,3,1,2020-10-27T23:59:36Z,1,0,,0,0,,0
8-10016892,3,3,0,,0,0,,0,0,,0
8-10032308,1,1,1,2020-10-21T02:26:01Z,2,0,,0,0,,0
8-10016118,2,2,1,2020-10-20T23:48:19Z,1,0,,0,0,,0
8-10006516,2,2,0,,0,0,,0,0,,0
8-10003531,1,1,0,,0,0,,0,0,,0
8-10028674,4,4,0,,0,0,,0,0,,0
8-10008936,2,2,0,,0,0,,0,0,,0
8-10026634,3,3,0,,0,0,,0,0,,0
8-10047408,3,3,0,,0,0,,0,0,,0
8-10039053,2,2,0,,0,0,,0,0,,0
8-10048271,3,3,0,,0,0,,0,0,,0
8-10047883,2,2,1,2020-10-20T23:41:04Z,1,0,,0,0,,0
8-10043820,4,4,0,,0,0,,0,0,,0
8-10033270,3,3,1,2020-10-20T21:32:23Z,1,0,,0,0,,0
8-10017658,3,3,0,,0,0,,0,0,,0
8-10011635,4,4,0,,0,0,,0,0,,0
8-10033096,2,2,0,,0,0,,0,0,,0
8-10052950,4,4,0,,0,0,,0,0,,0
8-10014127,1,1,0,,0,0,,0,0,,0
8-10032240,3,3,0,,0,0,,0,0,,0
8-10013113,3,3,0,,0,0,,0,0,,0
8-10033411,3,3,0,,0,0,,0,0,,0
8-10032248,3,3,1,2020-10-20T20:49:04Z,2,0,,0,0,,0
8-10005631,4,4,0,,0,0,,0,0,,0
8-10053256,4,4,0,,0,0,,0,0,,0
8-10034534,4,4,0,,0,0,,0,1,2020-10-20T00:00:00Z,1
8-10033641,1,1,1,2020-10-20T21:04:54Z,1,0,,0,0,,0
8-10011255,2,2,1,2020-10-20T20:22:38Z,1,0,,0,0,,0
8-10031467,1,1,0,,0,0,,0,0,,0
8-10021759,4,4,0,,0,0,,0,0,,0
8-10008978,3,3,0,,0,0,,0,0,,0
8-10011384,1,1,1,2020-10-21T05:28:11Z,1,0,,0,0,,0
8-10033122,2,2,0,,0,0,,0,0,,0
8-10048054,1,1,0,,0,0,,0,0,,0
8-10004710,3,3,0,,0,0,,0,0,,0
8-10032125,2,2,1,2020-10-23T21:29:46Z,1,0,,0,0,,0
8-10041062,4,4,0,,0,0,,0,0,,0
8-10013255,1,1,0,,0,0,,0,0,,0
8-10013765,1,1,0,,0,0,,0,0,,0
8-10021533,2,2,0,,0,0,,0,0,,0
8-10041587,4,4,0,,0,0,,0,0,,0
8-10014471,1,1,0,,0,0,,0,0,,0
8-10024510,2,2,0,,0,0,,0,1,2020-10-20T00:00:00Z,1
960,4,4,0,,0,0,,0,0,,0
8-10018334,2,2,0,,0,0,,0,1,2020-10-20T00:00:00Z,1
8-10036684,4,4,0,,0,0,,0,0,,0
8-10017380,3,3,1,2020-10-20T21:11:23Z,2,0,,0,0,,0
8-10013584,2,2,0,,0,0,,0,0,,0
1645,1,1,0,,0,0,,0,0,,0
8-10019595,3,3,0,,0,0,,0,0,,0
8-10019876,2,2,0,,0,0,,0,0,,0
1182,2,2,0,,0,0,,0,0,,0
1718,3,3,0,,0,0,,0,0,,0
8-10025529,3,3,0,,0,0,,0,0,,0
2135,4,4,0,,0,0,,0,0,,0
8-10036740,3,3,0,,0,0,,0,0,,0
8-10028615,4,4,0,,0,0,,0,0,,0
8-10014955,3,,,,,,,,,,
1608,2,2,0,,0,0,,0,1,2020-10-20T00:00:00Z,1
8-10022402,1,1,0,,0,0,,0,0,,0
8-10019361,2,2,0,,0,0,,0,0,,0
8-10016368,1,1,0,,0,0,,0,0,,0
8-10004991,1,1,0,,0,0,,0,0,,0
8-10016642,2,2,0,,0,0,,0,0,,0
8-10005074,4,4,0,,0,0,,0,0,,0
8-10027546,1,1,0,,0,0,,0,0,,0
8-10030097,2,2,1,2020-10-20T20:16:14Z,2,0,,0,0,,0
8-10012100,2,2,0,,0,0,,0,0,,0
8-10044567,2,2,0,,0,0,,0,0,,0
8-10030136,2,2,0,,0,0,,0,0,,0
8-10050474,3,,,,,,,,,,
8-10053000,4,4,0,,0,0,,0,0,,0
510,2,2,0,,0,0,,0,0,,0
8-10053514,2,2,1,2020-10-20T20:15:23Z,1,0,,0,0,,0
8-10049452,4,4,0,,0,0,,0,0,,0
8-10026884,2,2,1,2020-10-20T23:57:31Z,1,0,,0,0,,0
8-10005640,1,1,0,,0,0,,0,0,,0
8-10021099,2,2,0,,0,0,,0,0,,0
8-10033159,1,1,1,2020-10-20T21:11:45Z,1,0,,0,0,,0
8-10013023,2,2,0,,0,0,,0,0,,0
8-10023873,4,4,0,,0,0,,0,0,,0
8-10039829,4,4,1,2020-10-20T20:49:07Z,1,0,,0,0,,0
8-10040240,4,4,0,,0,0,,0,0,,0
8-10011406,2,2,0,,0,0,,0,0,,0
129,1,1,0,,0,0,,0,0,,0
1536,4,4,0,,0,0,,0,0,,0
8-10032769,4,4,1,2020-10-20T21:42:52Z,1,0,,0,0,,0
8-10004114,1,1,0,,0,0,,0,0,,0
8-10011622,2,2,0,,0,0,,0,0,,0
8-10049106,2,,,,,,,,,,
8-10050251,3,,,,,,,,,,
8-10004542,1,1,0,,0,0,,0,0,,0
8-10019537,2,2,0,,0,0,,0,0,,0
8-10032141,3,3,0,,0,0,,0,0,,0
8-10024675,3,3,1,2020-10-20T20:41:19Z,1,0,,0,0,,0
2182,3,3,0,,0,0,,0,1,2020-10-23T00:00:00Z,1
8-10033569,3,3,0,,0,0,,0,0,,0
8-10020695,1,1,0,,0,0,,0,0,,0
8-10025685,3,3,0,,0,0,,0,0,,0
8-10023302,3,3,0,,0,0,,0,0,,0
8-10037096,3,3,0,,0,0,,0,0,,0
8-10053818,2,2,0,,0,0,,0,0,,0
8-10039396,2,2,1,2020-10-20T21:23:29Z,1,0,,0,0,,0
8-10025909,4,4,0,,0,0,,0,1,2020-10-20T00:00:00Z,1
8-10031533,2,2,1,2020-10-20T21:00:25Z,1,0,,0,0,,0
8-10011287,2,2,0,,0,0,,0,0,,0
8-10011945,2,2,0,,0,0,,0,0,,0
940,3,3,0,,0,0,,0,0,,0
8-10032146,1,1,0,,0,0,,0,0,,0
1001,1,1,1,2020-10-20T20:53:38Z,1,0,,0,0,,0
8-10023658,1,1,0,,0,0,,0,0,,0
8-10005401,4,4,0,,0,0,,0,0,,0
8-10053019,2,2,0,,0,0,,0,0,,0
8-10026853,4,4,1,2020-10-20T20:49:06Z,1,0,,0,0,,0
8-10053020,4,4,0,,0,0,,0,0,,0
8-10032365,2,2,0,,0,0,,0,0,,0
8-10053023,2,2,1,2020-10-20T20:54:17Z,1,0,,0,0,,0
8-10012231,3,3,1,2020-10-20T21:03:48Z,1,0,,0,0,,0
8-10031626,1,1,0,,0,0,,0,1,2020-10-20T00:00:00Z,1
8-10040885,4,4,1,2020-10-20T20:49:05Z,1,0,,0,0,,0
8-10032151,2,2,1,2020-10-20T22:30:51Z,1,0,,0,0,,0
8-10041503,1,1,0,,0,0,,0,0,,0
1364,3,3,0,,0,0,,0,0,,0
8-10049447,2,2,0,,0,0,,0,0,,0
8-10019964,1,1,1,2020-10-20T20:07:05Z,1,0,,0,0,,0
8-10004650,4,4,0,,0,0,,0,0,,0
8-10041281,3,3,0,,0,0,,0,0,,0
8-10003469,2,2,0,,0,0,,0,0,,0
8-10040284,2,2,1,2020-10-20T21:03:45Z,1,0,,0,0,,0
2037,1,1,0,,0,0,,0,0,,0
8-10005900,4,4,1,2020-10-20T21:07:14Z,1,0,,0,0,,0
8-10052094,3,3,0,,0,0,,0,1,2020-10-20T00:00:00Z,1
8-10013306,3,3,0,,0,0,,0,0,,0
8-10033917,4,4,0,,0,0,,0,0,,0
8-10042306,1,1,0,,0,0,,0,0,,0
8-10015354,4,4,1,2020-10-21T00:08:44Z,1,0,,0,0,,0
8-10003679,1,1,0,,0,0,,0,0,,0
8-10027682,4,4,1,2020-10-23T15:04:50Z,2,0,,0,0,,0
8-10039386,2,2,0,,0,0,,0,0,,0
8-10025412,1,1,0,,0,0,,0,0,,0
8-10053621,4,4,0,,0,0,,0,0,,0
8-10018208,4,4,0,,0,0,,0,0,,0
8-10011449,2,2,0,,0,0,,0,0,,0
8-10053024,2,2,0,,0,0,,0,0,,0
8-10053225,4,4,0,,0,0,,0,0,,0
8-10013080,3,3,0,,0,0,,0,0,,0
8-10051658,2,2,0,,0,0,,0,0,,0
8-10021859,4,4,0,,0,0,,0,0,,0
8-10030750,1,1,0,,0,0,,0,0,,0
8-10031266,2,2,1,2020-10-20T20:15:27Z,2,0,,0,0,,0
8-10032157,3,3,0,,0,0,,0,0,,0
8-10044800,2,2,1,2020-10-22T16:13:56Z,1,0,,0,0,,0
8-10032270,1,1,0,,0,0,,0,1,2020-10-20T00:00:00Z,1
8-10027503,1,1,1,2020-10-21T12:43:24Z,1,0,,0,0,,0
8-10015596,3,3,1,2020-10-20T20:37:19Z,1,0,,0,0,,0
8-10046532,3,3,0,,0,0,,0,0,,0
8-10053046,4,4,0,,0,0,,0,0,,0
8-10022514,1,1,0,,0,0,,0,0,,0
8-10028383,1,1,0,,0,0,,0,0,,0
8-10013291,4,4,0,,0,0,,0,0,,0
8-10032158,2,2,0,,0,0,,0,0,,0
8-10052981,4,4,0,,0,0,,0,0,,0
8-10013688,2,2,1,2020-10-20T20:44:52Z,1,0,,0,0,,0
8-10003854,3,3,0,,0,0,,0,1,2020-10-20T00:00:00Z,1
8-10019774,4,4,0,,0,0,,0,1,2020-10-20T00:00:00Z,1
8-10030190,3,3,0,,0,0,,0,0,,0
8-10025411,2,2,0,,0,0,,0,0,,0
8-10049267,3,3,0,,0,0,,0,1,2020-10-20T00:00:00Z,1
8-10030343,3,3,0,,0,0,,0,0,,0
8-10026492,4,4,0,,0,0,,0,0,,0
8-10005439,4,4,0,,0,0,,0,0,,0
8-10032220,3,3,0,,0,0,,0,0,,0
8-10021422,2,2,1,2020-10-21T14:51:58Z,1,0,,0,0,,0
8-10032161,4,4,0,,0,0,,0,0,,0
8-10034806,3,3,0,,0,0,,0,0,,0
8-10053028,2,2,0,,0,0,,0,0,,0
8-10053043,1,1,1,2020-10-20T21:18:06Z,1,0,,0,0,,0
8-10015692,1,1,0,,0,0,,0,1,2020-10-20T00:00:00Z,1
8-10020382,4,4,1,2020-10-21T01:02:29Z,1,0,,0,0,,0
8-10003809,3,3,0,,0,0,,0,0,,0
8-10011657,3,3,0,,0,0,,0,1,2020-10-20T00:00:00Z,1
8-10011283,2,2,0,,0,0,,0,0,,0
8-10013715,4,4,1,2020-10-20T22:47:23Z,1,0,,0,0,,0
8-10007859,3,3,1,2020-10-20T21:29:35Z,1,0,,0,0,,0
8-10034377,3,3,0,,0,0,,0,0,,0
8-10048373,4,4,1,2020-10-20T21:01:40Z,2,0,,0,0,,0
8-10022260,1,1,0,,0,0,,0,0,,0
8-10011680,4,4,0,,0,0,,0,0,,0
8-10005417,2,2,1,2020-10-20T22:28:03Z,1,0,,0,0,,0
8-10026380,3,3,0,,0,0,,0,0,,0
8-10041211,4,4,0,,0,0,,0,0,,0
374,1,1,0,,0,0,,0,1,2020-10-20T00:00:00Z,1
8-10030820,3,3,0,,0,0,,0,0,,0
8-10038601,1,1,1,2020-10-20T19:56:35Z,1,0,,0,0,,0
8-10053021,2,2,0,,0,0,,0,0,,0
8-10004182,2,2,1,2020-10-20T20:22:58Z,1,0,,0,0,,0
8-10019871,2,2,1,2020-10-20T20:47:15Z,1,0,,0,0,,0
827,4,4,0,,0,0,,0,0,,0
8-10039147,1,1,0,,0,0,,0,0,,0
744,1,1,0,,0,0,,0,0,,0
8-10036830,3,3,0,,0,0,,0,0,,0
1676,3,3,0,,0,0,,0,0,,0
8-10012009,4,4,0,,0,0,,0,0,,0
8-10053054,1,1,1,2020-10-20T20:07:04Z,1,0,,0,0,,0
8-10044232,3,3,0,,0,0,,0,0,,0
8-10053852,2,2,0,,0,0,,0,1,2020-10-20T00:00:00Z,1
8-10011480,1,1,0,,0,0,,0,0,,0
8-10007753,4,4,0,,0,0,,0,0,,0
8-10005891,4,4,0,,0,0,,0,0,,0
8-10021868,1,1,1,2020-10-20T19:56:50Z,3,0,,0,0,,0
8-10025982,4,4,0,,0,0,,0,0,,0
8-10040213,2,2,1,2020-10-20T20:16:19Z,1,0,,0,0,,0
8-10039629,4,4,1,2020-10-20T23:23:36Z,1,0,,0,0,,0
8-10012213,2,2,0,,0,0,,0,0,,0
8-10015555,2,2,1,2020-10-20T20:42:47Z,1,0,,0,0,,0
8-10010187,4,4,0,,0,0,,0,0,,0
722,1,1,1,2020-10-20T19:53:54Z,1,0,,0,0,,0
8-10018204,2,2,0,,0,0,,0,0,,0
8-10053769,4,4,1,2020-10-21T00:58:54Z,1,0,,0,0,,0
8-10025949,4,4,0,,0,0,,0,0,,0
8-10018782,3,3,0,,0,0,,0,0,,0
8-10053766,3,3,0,,0,0,,0,0,,0
8-10031172,1,1,0,,0,0,,0,0,,0
8-10022993,2,2,0,,0,0,,0,0,,0
8-10012120,3,3,0,,0,0,,0,0,,0
8-10006062,4,4,0,,0,0,,0,0,,0
8-10032178,4,4,0,,0,0,,0,0,,0
8-10032179,2,2,0,,0,0,,0,0,,0
8-10032180,4,4,0,,0,0,,0,0,,0
8-10032361,3,3,0,,0,0,,0,0,,0
8-10020640,1,1,1,2020-10-20T21:30:16Z,1,0,,0,0,,0
8-10006451,2,2,0,,0,0,,0,0,,0
39,4,4,1,2020-10-21T03:21:27Z,1,0,,0,0,,0
8-10009024,2,2,0,,0,0,,0,0,,0
8-10021390,4,4,0,,0,0,,0,0,,0
8-10046695,2,2,0,,0,0,,0,0,,0
8-10030071,1,1,0,,0,0,,0,0,,0
8-10020822,2,2,1,2020-10-20T21:55:06Z,1,0,,0,0,,0
8-10044708,3,3,1,2020-10-20T20:55:49Z,2,0,,0,0,,0
8-10018022,4,4,0,,0,0,,0,0,,0
8-10005842,3,3,1,2020-10-20T21:00:01Z,1,0,,0,0,,0
8-10033959,1,1,0,,0,0,,0,0,,0
8-10050311,2,2,1,2020-10-20T21:50:59Z,1,0,,0,0,,0
8-10035427,1,1,0,,0,0,,0,0,,0
8-10013686,3,3,0,,0,0,,0,0,,0
8-10040427,3,3,0,,0,0,,0,0,,0
8-10041805,1,1,0,,0,0,,0,0,,0
8-10019716,4,4,0,,0,0,,0,0,,0
8-10013421,4,4,0,,0,0,,0,0,,0
8-10013770,2,2,0,,0,0,,0,0,,0
8-10036249,2,2,0,,0,0,,0,0,,0
8-10030038,1,1,0,,0,0,,0,0,,0
8-10046500,2,2,0,,0,0,,0,0,,0
8-10003818,1,1,0,,0,0,,0,0,,0
8-10039274,1,1,0,,0,0,,0,0,,0
8-10013245,3,3,0,,0,0,,0,0,,0
8-10026756,3,3,0,,0,0,,0,0,,0
8-10040033,4,4,0,,0,0,,0,1,2020-10-20T00:00:00Z,1
8-10011710,1,1,0,,0,0,,0,0,,0
905,2,2,0,,0,0,,0,0,,0
8-10007837,1,1,0,,0,0,,0,0,,0
8-10053811,4,4,1,2020-10-21T13:07:13Z,1,0,,0,0,,0
8-10039063,1,1,1,2020-10-21T19:07:48Z,1,0,,0,0,,0
8-10022423,1,1,1,2020-10-20T22:51:43Z,1,0,,0,0,,0
8-10024670,1,1,1,2020-10-20T19:54:27Z,1,0,,0,0,,0
8-10012588,3,3,0,,0,0,,0,0,,0
8-10019715,1,1,0,,0,0,,0,0,,0
8-10012369,3,3,0,,0,0,,0,0,,0
8-10032189,1,1,1,2020-10-20T20:02:14Z,3,0,,0,0,,0
103,4,4,0,,0,0,,0,1,2020-10-20T00:00:00Z,1
8-10031161,4,4,0,,0,0,,0,0,,0
8-10028347,3,3,0,,0,0,,0,0,,0
8-10053079,4,4,0,,0,0,,0,0,,0
8-10025155,3,3,0,,0,0,,0,0,,0
8-10049939,3,3,1,2020-10-21T13:44:53Z,1,0,,0,0,,0
8-10023392,2,2,1,2020-10-20T23:44:35Z,1,0,,0,0,,0
8-10021788,1,1,1,2020-10-22T15:36:42Z,1,0,,0,0,,0
8-10013184,3,3,0,,0,0,,0,0,,0
8-10020554,2,2,0,,0,0,,0,0,,0
8-10020207,2,2,0,,0,0,,0,0,,0
8-10053055,3,3,0,,0,0,,0,0,,0
8-10018687,1,1,1,2020-10-21T11:26:43Z,1,0,,0,0,,0
8-10002342,1,1,0,,0,0,,0,0,,0
8-10032837,4,4,0,,0,0,,0,0,,0
8-10022159,3,3,0,,0,0,,0,0,,0
8-10003936,2,2,1,2020-10-20T20:43:58Z,2,0,,0,0,,0
8-10004860,2,2,0,,0,0,,0,0,,0
8-10019719,3,3,0,,0,0,,0,0,,0
8-10035503,4,4,0,,0,0,,0,0,,0
8-10026824,1,1,0,,0,0,,0,0,,0
8-10043829,2,2,1,2020-10-21T00:05:56Z,1,0,,0,0,,0
8-10005769,1,1,0,,0,0,,0,0,,0
8-10013550,2,2,0,,0,0,,0,0,,0
8-10022896,4,4,0,,0,0,,0,0,,0
8-10003872,3,3,0,,0,0,,0,0,,0
8-10040542,3,3,0,,0,0,,0,0,,0
8-10011307,4,4,1,2020-10-20T20:49:06Z,1,0,,0,0,,0
8-10053085,1,1,1,2020-10-20T20:46:54Z,1,0,,0,0,,0
8-10050238,3,3,0,,0,0,,0,0,,0
8-10038848,4,4,0,,0,0,,0,0,,0
8-10032197,4,4,0,,0,0,,0,1,2020-10-20T00:00:00Z,1
8-10017779,1,1,1,2020-10-20T21:43:39Z,1,0,,0,0,,0
8-10044265,4,4,0,,0,0,,0,0,,0
8-10027366,2,2,0,,0,0,,0,0,,0
